Iteration	CPUTime	PhysTime	Travels	Value	AvValue	MinValue	MaxValue	Delta	Criteria	Progress	dGMaxMin	CriteriaType	CriteriaVarType	CriteriaPercentage
1	21	0	0.0116980678	-0.0606784727	-0.0606784727	-0.0606784727	-0.0606784727	0	0	0	0	0	0	3
2	28	0	0.0233961356	-0.0407547834	-0.050716628	-0.0606784727	-0.0407547834	0.00996184466	0	0	0	0	0	3
3	40	0	0.0350942034	-0.0164795278	-0.0393042613	-0.0606784727	-0.0164795278	0.0213742114	0	0	0	0	0	3
4	52	0	0.0467922712	-0.0121293347	-0.0325105296	-0.0606784727	-0.0121293347	0.0281679431	0	0	0	0	0	3
5	63	0	0.058490339	-0.00509077988	-0.0270265797	-0.0606784727	-0.00509077988	0.033651893	0	0	0	0	0	3
6	69	0	0.0701884068	-0.0038890783	-0.0231703294	-0.0606784727	-0.0038890783	0.0375081432	0	0	0	0	0	3
7	75	0	0.0818864747	-0.000573810716	-0.0199422553	-0.0606784727	-0.000573810716	0.0407362173	0	0	0	0	0	3
8	80	0	0.0935845425	-0.000689856597	-0.0175357055	-0.0606784727	-0.000573810716	0.0431427672	0	0	0	0	0	3
9	86	0	0.10528261	0.00182886234	-0.0153840868	-0.0606784727	0.00182886234	0.0452943858	0	0	0	0	0	3
10	92	0	0.116980678	-2.15064816e-005	-0.0138478288	-0.0606784727	0.00182886234	0.0468306439	0	0	0	0	0	3
11	98	0	0.128678746	0.000398397754	-0.0125527173	-0.0606784727	0.00182886234	0.0481257554	0	0	0	0	0	3
12	104	0	0.140376814	-0.00132601783	-0.011617159	-0.0606784727	0.00182886234	0.0490613137	0	0	0	0	0	3
13	110	0	0.152074882	-0.000562284791	-0.0107667841	-0.0606784727	0.00182886234	0.0499116886	0	0	0	0	0	3
14	115	0	0.163772949	-0.00341035595	-0.0102413249	-0.0606784727	0.00182886234	0.0504371478	0	0	0	0	0	3
15	121	0	0.175471017	-0.00212482225	-0.00970022474	-0.0606784727	0.00182886234	0.0509782479	0	0	0	0	0	3
16	127	0	0.187169085	-0.00313863148	-0.00929012516	-0.0606784727	0.00182886234	0.0513883475	0	0	0	0	0	3
17	132	0	0.198867153	-0.00365502178	-0.00895864849	-0.0606784727	0.00182886234	0.0517198242	0	0	0	0	0	3
18	138	0	0.210565221	-0.00443251082	-0.0087071964	-0.0606784727	0.00182886234	0.0519712763	0	0	0	0	0	3
19	144	0	0.222263288	-0.00346794863	-0.00843144652	-0.0606784727	0.00182886234	0.0522470262	0	0	0	0	0	3
20	149	0	0.233961356	-0.00369331724	-0.00819454005	-0.0606784727	0.00182886234	0.0524839326	0	0	0	0	0	3
21	155	0	0.245659424	-0.00239141031	-0.00791820054	-0.0606784727	0.00182886234	0.0527602721	0	0	0	0	0	3
22	160	0	0.257357492	-0.00173228653	-0.00763702263	-0.0606784727	0.00182886234	0.05304145	0	0	0	0	0	3
23	166	0	0.26905556	0.000225332142	-0.00729518112	-0.0606784727	0.00182886234	0.0533832916	0	0	0	0	0	3
24	172	0	0.280753627	0.00113482791	-0.00694393074	-0.0606784727	0.00182886234	0.0537345419	0	0	0	0	0	3
25	177	0	0.292451695	0.00358651177	-0.00652271304	-0.0606784727	0.00358651177	0.0541557596	0	0	0	0	0	3
26	183	0	0.304149763	0.00414427067	-0.00611244444	-0.0606784727	0.00414427067	0.0545660282	0	0	0	0	0	3
27	188	0	0.315847831	0.00578707674	-0.00567172143	-0.0606784727	0.00578707674	0.0550067512	0	0	0	0	0	3
28	194	0	0.327545899	0.00611253534	-0.00525085512	-0.0606784727	0.00611253534	0.0554276176	0	0	0	0	0	3
29	200	0	0.339243966	0.00719668393	-0.00482162964	-0.0606784727	0.00719668393	0.055856843	0	0	0	0	0	3
30	205	0	0.350942034	0.00702522059	-0.00442673463	-0.0606784727	0.00719668393	0.056251738	0	0	0	0	0	3
31	211	0	0.362640102	0.00708859219	-0.00405527247	-0.0606784727	0.00719668393	0.0566232002	0	0	0	0	0	3
32	217	0	0.37433817	0.00659374138	-0.00372249079	-0.0606784727	0.00719668393	0.0569559819	0	0	0	0	0	3
33	222	0	0.386036238	0.00626205534	-0.00341992879	-0.0606784727	0.00719668393	0.0572585439	0	0	0	0	0	3
34	228	0	0.397734305	0.00591770037	-0.00314529263	-0.0606784727	0.00719668393	0.05753318	0	0	0	0	0	3
35	234	0	0.409432373	0.0058894269	-0.00288715779	-0.0606784727	0.00719668393	0.0577913149	0	0	0	0	0	3
36	240	0	0.421130441	0.00579551838	-0.00264597234	-0.0606784727	0.00719668393	0.0580325003	0	0	0	0	0	3
37	245	0	0.432828509	0.00569098028	-0.0024206493	-0.0606784727	0.00719668393	0.0582578234	0	0	0	0	0	3
38	251	0	0.444526577	0.00556365456	-0.00221053604	-0.0606784727	0.00719668393	0.0584679366	0	0	0	0	0	3
39	257	0	0.456224645	0.00559584295	-0.00201037247	-0.0606784727	0.00719668393	0.0586681002	0	0	0	0	0	3
40	262	0	0.467922712	0.00531581571	-0.00182721777	-0.0606784727	0.00719668393	0.0588512549	0	0	0	0	0	3
41	268	0	0.47962078	0.00486115217	-0.0016640868	-0.0606784727	0.00719668393	0.0590143859	0	0	0	0	0	3
42	274	0	0.491318848	0.0048137197	-0.00150985331	-0.0606784727	0.00719668393	0.0591686194	0	0	0	0	0	3
43	279	0	0.503016916	0.00437416026	-0.00137301578	-0.0606784727	0.00719668393	0.0593054569	0	0	0	0	0	3
44	285	0	0.514714984	0.00405451121	0.000132402447	-0.0407547834	0.00719668393	0.0479514673	0	0	0	0	0	3
45	291	0	0.526413051	0.00368052422	0.00116578169	-0.0164795278	0.00719668393	0.0236762117	0	0	0	0	0	3
46	297	0	0.538111119	0.00332757197	0.00162641192	-0.0121293347	0.00719668393	0.0193260186	0	0	0	0	0	3
47	303	0	0.549809187	0.00316688995	0.00198213807	-0.00509077988	0.00719668393	0.0122874638	0	0	0	0	0	3
48	308	0	0.561507255	0.0029183901	0.00216839784	-0.00443251082	0.00719668393	0.0116291947	0	0	0	0	0	3
49	314	0	0.573205323	0.0027170584	0.00232202893	-0.00443251082	0.00719668393	0.0116291947	0	0	0	0	0	3
50	320	0	0.58490339	0.00243781993	0.00239206685	-0.00443251082	0.00719668393	0.0116291947	0	0	0	0	0	3
51	325	0	0.596601458	0.00203213161	0.0024553689	-0.00443251082	0.00719668393	0.0116291947	0	0	0	0	0	3
52	331	0	0.608299526	0.00197849525	0.00245884873	-0.00443251082	0.00719668393	0.0116291947	0	0	0	0	0	3
53	337	0	0.619997594	0.00160274188	0.00249662195	-0.00443251082	0.00719668393	0.0116291947	0	0	0	0	0	3
54	342	0	0.631695662	0.00147193333	0.0025215879	-0.00443251082	0.00719668393	0.0116291947	0	0	0	0	0	3
55	348	0	0.643393729	0.00122123715	0.00258082638	-0.00443251082	0.00719668393	0.0116291947	0	0	0	0	0	3
56	354	0	0.655091797	0.00114937346	0.00262063239	-0.00443251082	0.00719668393	0.0116291947	0	0	0	0	0	3
57	359	0	0.666789865	0.000909311204	0.00272108976	-0.00443251082	0.00719668393	0.0116291947	0	0	0	0	0	3
58	365	0	0.678487933	0.000968778595	0.00279303397	-0.00443251082	0.00719668393	0.0116291947	0	0	0	0	0	3
59	371	0	0.690186001	0.0007691604	0.00288391285	-0.00443251082	0.00719668393	0.0116291947	0	0	0	0	0	3
60	377	0	0.701884068	0.000791182705	0.00298731296	-0.00443251082	0.00719668393	0.0116291947	0	0	0	0	0	3
61	382	0	0.713582136	0.000480931853	0.00310157906	-0.00369331724	0.00719668393	0.0108900012	0	0	0	0	0	3
62	388	0	0.725280204	0.000485096449	0.00319351035	-0.00369331724	0.00719668393	0.0108900012	0	0	0	0	0	3
63	394	0	0.736978272	0.000210005465	0.00328428529	-0.00239141031	0.00719668393	0.00958809423	0	0	0	0	0	3
64	399	0	0.74867634	0.000215511086	0.00334491137	-0.00173228653	0.00719668393	0.00892897046	0	0	0	0	0	3
65	405	0	0.760374408	-5.43748156e-005	0.00338393257	-5.43748156e-005	0.00719668393	0.00725105874	0	0	0	0	0	3
66	411	0	0.772072475	-0.000152795049	0.00337513892	-0.000152795049	0.00719668393	0.00734947897	0	0	0	0	0	3
67	417	0	0.783770543	-0.000509568002	0.00333689715	-0.000509568002	0.00719668393	0.00770625193	0	0	0	0	0	3
68	423	0	0.795468611	-0.000504173061	0.00324176495	-0.000509568002	0.00719668393	0.00770625193	0	0	0	0	0	3
69	428	0	0.807166679	-0.000745629898	0.00312804633	-0.000745629898	0.00719668393	0.00794231382	0	0	0	0	0	3
70	434	0	0.818864747	-0.000797507931	0.00297491645	-0.000797507931	0.00719668393	0.00799419186	0	0	0	0	0	3
71	440	0	0.830562814	-0.00101217508	0.00280922551	-0.00101217508	0.00719668393	0.00820556221	0	0	0	0	0	3
72	446	0	0.842260882	-0.00106935202	0.00261699212	-0.00106935202	0.00708859219	0.0078106672	0	0	0	0	0	3
73	451	0	0.85395895	-0.00123693502	0.00242484897	-0.00123693502	0.00708859219	0.00743920505	0	0	0	0	0	3
74	457	0	0.865657018	-0.00127244022	0.00223040635	-0.00127244022	0.00659374138	0.00710642336	0	0	0	0	0	3
75	463	0	0.877355086	-0.00128488218	0.00204718255	-0.00128488218	0.00626205534	0.00680386136	0	0	0	0	0	3
76	468	0	0.889053153	-0.00107864176	0.00187646866	-0.00128488218	0.00591770037	0.00652922521	0	0	0	0	0	3
77	474	0	0.900751221	-0.00101717192	0.00171519256	-0.00128488218	0.0058894269	0.00627109036	0	0	0	0	0	3
78	480	0	0.912449289	-0.000833182924	0.0015588528	-0.00128488218	0.00579551838	0.00602990491	0	0	0	0	0	3
79	485	0	0.924147357	-0.000687970024	0.001408074	-0.00128488218	0.00569098028	0.00580458187	0	0	0	0	0	3
80	491	0	0.935845425	-0.00051789195	0.00126368162	-0.00128488218	0.00559584295	0.00559446861	0	0	0	0	0	3
81	497	0	0.947543492	-0.000478370269	0.00112316942	-0.00128488218	0.00559584295	0.00539430505	0	0	0	0	0	3
82	502	0	0.95924156	-0.000251425341	0.000987186433	-0.00128488218	0.00531581571	0.00521115034	0	0	0	0	0	3
83	508	0	0.970939628	-0.000203332112	0.000858834158	-0.00128488218	0.00486115217	0.00504801937	0	0	0	0	0	3
84	514	0	0.982637696	-0.000125402278	0.000742867775	-0.00128488218	0.0048137197	0.00489378588	0	0	0	0	0	3
85	520	0	0.994335764	-0.000188018612	0.00062654828	-0.00128488218	0.00437416026	0.00475694836	0	0	0	0	0	3
86	525	0	1.00603383	-0.000121105027	0.000522007227	-0.00128488218	0.00405451121	0.00325153013	0.000710286351	21.8	0	0	0	3
87	531	0	1.0177319	-0.000149930621	0.00042422951	-0.00128488218	0.00368052422	0.00295970306	0.000710286351	23.9	0	0	0	3
88	537	0	1.02942997	-7.26328513e-005	0.000336946787	-0.00128488218	0.00332757197	0.00304698579	0.000710286351	23.3	0	0	0	3
89	542	0	1.04112803	-6.59812021e-005	0.000258026946	-0.00128488218	0.00316688995	0.00312590563	0.000710286351	22.7	0	0	0	3
90	548	0	1.0528261	0.000116177742	0.00018708015	-0.00128488218	0.0029183901	0.00319685242	0.000710286351	22.2	0	0	0	3
91	554	0	1.06452417	5.29319446e-005	0.000120441588	-0.00128488218	0.0027170584	0.00326349098	0.000710286351	21.7	0	0	0	3
92	559	0	1.07622224	0.000181521379	6.14756112e-005	-0.00128488218	0.00243781993	0.00332245696	0.000710286351	21.3	0	0	0	3
93	565	0	1.08792031	0.000176789536	8.89350886e-006	-0.00128488218	0.00203213161	0.00331701379	0.000710286351	21.4	0	0	0	3
94	570	0	1.09961837	0.000314334415	-3.10552632e-005	-0.00128488218	0.00197849525	0.00326337743	0.000710286351	21.7	0	0	0	3
95	576	0	1.11131644	0.000322620236	-6.95639845e-005	-0.00128488218	0.00160274188	0.00288762405	0.000710286351	24.5	0	0	0	3
96	582	0	1.12301451	0.000389215709	-9.77855232e-005	-0.00128488218	0.00147193333	0.00275681551	0.000710286351	25.7	0	0	0	3
97	587	0	1.13471258	0.000362436467	-0.000123587776	-0.00128488218	0.00122123715	0.00250611933	0.000710286351	28.3	0	0	0	3
98	593	0	1.14641065	0.000456056993	-0.000141382663	-0.00128488218	0.00114937346	0.00243425564	0.000710286351	29.1	0	0	0	3
99	599	0	1.15810871	0.000422529456	-0.000158286012	-0.00128488218	0.000968778595	0.00225366077	0.000710286351	31.5	0	0	0	3
100	604	0	1.16980678	0.000507584939	-0.000167628483	-0.00128488218	0.000968778595	0.00225366077	0.000710286351	31.5	0	0	0	3
101	612	0	1.18150485	0.000428741223	-0.000180187492	-0.00128488218	0.000791182705	0.00207606488	0.000710286351	34.2	0	0	0	3
102	618	0	1.19320292	0.000538032773	-0.000185562553	-0.00128488218	0.000791182705	0.00207606488	0.000710286351	34.2	0	0	0	3
103	623	0	1.20490098	0.000415457958	-0.000194300338	-0.00128488218	0.000538032773	0.00182291495	0.000710286351	38.9	0	0	0	3
104	629	0	1.21659905	0.000469156185	-0.000194574191	-0.00128488218	0.000538032773	0.00182291495	0.000710286351	38.9	0	0	0	3
105	635	0	1.22829712	0.000353063971	-0.000197644713	-0.00128488218	0.000538032773	0.00182291495	0.000710286351	38.9	0	0	0	3
106	641	0	1.23999519	0.000383156495	-0.000193617945	-0.00128488218	0.000538032773	0.00182291495	0.000710286351	38.9	0	0	0	3
107	648	0	1.25169326	0.000305798239	-0.000191518244	-0.00128488218	0.000538032773	0.00182291495	0.000710286351	38.9	0	0	0	3
108	653	0	1.26339132	0.000350937465	-0.000182092377	-0.00128488218	0.000538032773	0.00182291495	0.000710286351	38.9	0	0	0	3
109	659	0	1.27508939	0.000255004953	-0.000172608656	-0.00128488218	0.000538032773	0.00182291495	0.000710286351	38.9	0	0	0	3
110	665	0	1.28678746	0.000314038779	-0.00015345501	-0.00128488218	0.000538032773	0.00182291495	0.000710286351	38.9	0	0	0	3
111	671	0	1.29848553	0.000213524984	-0.000136764358	-0.00128488218	0.000538032773	0.00182291495	0.000710286351	38.9	0	0	0	3
112	677	0	1.31018359	0.000266480145	-0.000113226915	-0.00128488218	0.000538032773	0.00182291495	0.000710286351	38.9	0	0	0	3
113	683	0	1.32188166	0.0002045108	-8.99241537e-005	-0.00128488218	0.000538032773	0.00182291495	0.000710286351	38.9	0	0	0	3
114	689	0	1.33357973	0.000246448767	-6.06538318e-005	-0.00128488218	0.000538032773	0.00182291495	0.000710286351	38.9	0	0	0	3
115	695	0	1.3452778	0.00015330087	-3.22200437e-005	-0.00128488218	0.000538032773	0.00182291495	0.000710286351	38.9	0	0	0	3
116	703	0	1.35697587	0.000214637669	1.53746065e-006	-0.00128488218	0.000538032773	0.00182291495	0.000710286351	38.9	0	0	0	3
117	710	0	1.36867393	0.000214961333	3.61281943e-005	-0.00128488218	0.000538032773	0.00182291495	0.000710286351	38.9	0	0	0	3
118	716	0	1.380372	0.000273525256	7.23702277e-005	-0.00107864176	0.000538032773	0.00161667453	0.000710286351	43.9	0	0	0	3
119	722	0	1.39207007	0.000204978669	0.000102221866	-0.00101717192	0.000538032773	0.00155520469	0.000710286351	45.6	0	0	0	3
120	729	0	1.40376814	0.000257544906	0.000131866443	-0.000833182924	0.000538032773	0.0013712157	0.000710286351	51.7	0	0	0	3
121	735	0	1.4154662	0.000260092602	0.000157291455	-0.000687970024	0.000538032773	0.0012260028	0.000710286351	57.9	0	0	0	3
122	741	0	1.42716427	0.000313854671	0.000180589704	-0.00051789195	0.000538032773	0.00105592472	0.000710286351	67.2	0	0	0	3
123	747	0	1.43886234	0.000287993973	0.000199331237	-0.000478370269	0.000538032773	0.00101640304	0.000710286351	69.8	0	0	0	3
124	752	0	1.45056041	0.00033857498	0.000218329964	-0.000251425341	0.000538032773	0.000789458114	0.000710286351	89.9	0	0	0	3
125	758	0	1.46225848	0.000358505824	0.000232514409	-0.000203332112	0.000538032773	0.000741364884	0.000710286351	95.8	0	0	0	3
126	763	0	1.47395654	0.000388761541	0.000246284029	-0.000188018612	0.000538032773	0.000726051385	0.000710286351	97.8	0	0	0	3
127	769	0	1.48565461	0.000379168543	0.000258018234	-0.000188018612	0.000538032773	0.000726051385	0.000710286351	97.8	0	0	0	3
128	775	0	1.49735268	0.000407805222	0.000271874603	-0.000149930621	0.000538032773	0.000687963393	0.000710286351	100	0	0	0	3
129	780	0	1.50905075	0.000408639816	0.00028419425	-0.000149930621	0.000538032773	0.000621874223	0.000710286351	100	0	0	0	3
130	786	0	1.52074882	0.000483417842	0.000298923284	-7.26328513e-005	0.000538032773	0.0005345915	0.000710286351	100	0	0	0	3
131	792	0	1.53244688	0.000438590242	0.000310812193	-6.59812021e-005	0.000538032773	0.000508456907	0.000710286351	100	0	0	0	3
132	797	0	1.54414495	0.000488066751	0.000323697029	5.29319446e-005	0.000538032773	0.000485100828	0.000710286351	100	0	0	0	3
133	804	0	1.55584302	0.000513732937	0.000332942499	5.29319446e-005	0.000538032773	0.000485100828	0.000710286351	100	0	0	0	3
134	809	0	1.56754109	0.00059138841	0.000345464742	0.00015330087	0.00059138841	0.00043808754	0.000710286351	100	0	0	0	3
135	815	0	1.57923915	0.000566458962	0.000354416779	0.00015330087	0.00059138841	0.00043808754	0.000710286351	100	0	0	0	3
136	820	0	1.59093722	0.00061114905	0.000364518163	0.00015330087	0.00061114905	0.000457848179	0.000710286351	100	0	0	0	3
137	826	0	1.60263529	0.00068816665	0.000373211936	0.00015330087	0.00068816665	0.000534865779	0.000710286351	100	0	0	0	3
138	832	0	1.61433336	0.00075273517	0.000383214609	0.00015330087	0.00075273517	0.000580859322	0.000710286351	100	0	0	0	3
139	837	0	1.62603143	0.000804140079	0.000392864013	0.00015330087	0.000804140079	0.000590508726	0.000710286351	100	0	0	0	3
140	843	0	1.63772949	0.000881342531	0.000404931596	0.00015330087	0.000881342531	0.000602576309	0.000710286351	100	0	0	0	3
141	849	0	1.64942756	0.000934835423	0.000416065978	0.00015330087	0.000934835423	0.000613710691	0.000710286351	100	0	0	0	3
142	855	0	1.66112563	0.000973228905	0.000428872942	0.00015330087	0.000973228905	0.000626517655	0.000710286351	100	0	0	0	3
143	860	0	1.6728237	0.00100934423	0.000440541763	0.00015330087	0.00100934423	0.000638186476	0.000710286351	100	0	0	0	3
144	866	0	1.68452176	0.00103941588	0.000454743499	0.00015330087	0.00103941588	0.000652388212	0.000710286351	100	0	0	0	3
145	871	0	1.69621983	0.00103872776	0.000466387568	0.00015330087	0.00103941588	0.000664032282	0.000710286351	100	0	0	0	3
146	877	0	1.7079179	0.00107239686	0.000481665217	0.00015330087	0.00107239686	0.000679309931	0.000710286351	100	0	0	0	3
147	883	0	1.71961597	0.00108378126	0.000495958824	0.00015330087	0.00108378126	0.000693603537	0.000710286351	100	0	0	0	3
148	888	0	1.73131404	0.00110024074	0.000513335028	0.00015330087	0.00110024074	0.000706952973	0.000710286351	100	0	0	0	3
149	894	0	1.7430121	0.00107203031	0.000529355349	0.00015330087	0.00110024074	0.000720873593	0.000710286351	98.5	0	0	0	3
150	900	0	1.75471017	0.00112035021	0.000548298418	0.00015330087	0.00112035021	0.000730390795	0.000710286351	97.2	0	0	0	3
151	905	0	1.76640824	0.00111713713	0.000566117015	0.00015330087	0.00112035021	0.000738725671	0.000710286351	96.1	0	0	0	3
152	911	0	1.77810631	0.00114521582	0.000586819593	0.00015330087	0.00114521582	0.000740274603	0.000710286351	95.9	0	0	0	3
153	917	0	1.78980437	0.00116320346	0.000606567609	0.00015330087	0.00116320346	0.000743331967	0.000710286351	95.5	0	0	0	3
154	922	0	1.80150244	0.00118173078	0.000629084023	0.00015330087	0.00118173078	0.000742310938	0.000710286351	95.6	0	0	0	3
155	928	0	1.81320051	0.00121113982	0.000651052853	0.00015330087	0.00121113982	0.000740977006	0.000710286351	95.8	0	0	0	3
156	934	0	1.82489858	0.00122290944	0.000674736542	0.00015330087	0.00122290944	0.000735390374	0.000710286351	96.5	0	0	0	3
157	940	0	1.83659665	0.00119584812	0.000696815597	0.00015330087	0.00122290944	0.00072903564	0.000710286351	97.4	0	0	0	3
158	945	0	1.84829471	0.00124369126	0.000722173513	0.000204978669	0.00124369126	0.000720636052	0.000710286351	98.5	0	0	0	3
159	951	0	1.85999278	0.00123170248	0.000745826183	0.000204978669	0.00124369126	0.000709697988	0.000710286351	100	0	0	0	3
160	956	0	1.87169085	0.0012538309	0.00076998594	0.000204978669	0.0012538309	0.000697615713	0.000710286351	100	0	0	0	3
161	962	0	1.88338892	0.00123476421	0.000792340335	0.000204978669	0.0012538309	0.000690118469	0.000710286351	100	0	0	0	3
162	968	0	1.89508698	0.00120074894	0.000815497783	0.000257544906	0.0012538309	0.00068363134	0.000710286351	100	0	0	0	3
163	973	0	1.90678505	0.00121849907	0.000837845554	0.000260092602	0.0012538309	0.000680554099	0.000710286351	100	0	0	0	3
164	979	0	1.91848312	0.00124978511	0.000860861659	0.000287993973	0.0012538309	0.000680271955	0.000710286351	100	0	0	0	3
165	985	0	1.93018119	0.00133590302	0.000884630225	0.000287993973	0.00133590302	0.000685298988	0.000710286351	100	0	0	0	3
166	990	0	1.94187926	0.00128041356	0.00090770975	0.00033857498	0.00133590302	0.000689379787	0.000710286351	100	0	0	0	3
167	996	0	1.95357732	0.0013092088	0.00093028263	0.000358505824	0.00133590302	0.000697768221	0.000710286351	100	0	0	0	3
168	1002	0	1.96527539	0.00129991651	0.000952175902	0.000379168543	0.00133590302	0.000705891872	0.000710286351	100	0	0	0	3
169	1008	0	1.97697346	0.00132269663	0.000973895322	0.000379168543	0.00133590302	0.000715877088	0.000710286351	99.2	0	0	0	3
170	1013	0	1.98867153	0.00130028862	0.000995316719	0.000407805222	0.00133590302	0.000723442117	0.000710286351	98.1	0	0	0	3
171	1019	0	2.0003696	0.00121556769	0.00101410189	0.000408639816	0.00133590302	0.000729907643	0.000710286351	97.3	0	0	0	3
172	1024	0	2.01206766	0.00124415963	0.00103353259	0.000438590242	0.00133590302	0.000734609302	0.000710286351	96.6	0	0	0	3
173	1030	0	2.02376573	0.00127193249	0.00105187014	0.000438590242	0.00133590302	0.000741057943	0.000710286351	95.8	0	0	0	3
174	1036	0	2.0354638	0.00130831002	0.00107209618	0.000488066751	0.00133590302	0.000748399148	0.000710286351	94.9	0	0	0	3
175	1041	0	2.04716187	0.00134929996	0.00109212486	0.000513732937	0.00134929996	0.000759182358	0.000710286351	93.5	0	0	0	3
176	1047	0	2.05885993	0.00134108091	0.00111136551	0.000566458962	0.00134929996	0.000765900765	0.000710286351	92.7	0	0	0	3
177	1053	0	2.070558	0.00132183442	0.00112835262	0.000566458962	0.00134929996	0.000773935845	0.000710286351	91.7	0	0	0	3
178	1058	0	2.08225607	0.00131836223	0.00114583875	0.00061114905	0.00134929996	0.000738150914	0.000710286351	96.2	0	0	0	3
179	1064	0	2.09395414	0.0013735533	0.00116356908	0.00068816665	0.0013735533	0.000685386645	0.000710286351	100	0	0	0	3
180	1070	0	2.10565221	0.00134766228	0.00117890619	0.00075273517	0.0013735533	0.000620818126	0.000710286351	100	0	0	0	3
181	1075	0	2.11735027	0.00128436211	0.0011912696	0.000804140079	0.0013735533	0.000569413216	0.000710286351	100	0	0	0	3
182	1081	0	2.12904834	0.00133491548	0.00120361322	0.000881342531	0.0013735533	0.000492210764	0.000710286351	100	0	0	0	3
183	1087	0	2.14074641	0.00128953806	0.00121310614	0.000934835423	0.0013735533	0.000438717872	0.000710286351	100	0	0	0	3
184	1092	0	2.15244448	0.00136275222	0.00122305769	0.000973228905	0.0013735533	0.000400324391	0.000710286351	100	0	0	0	3
185	1098	0	2.16414254	0.00133290096	0.00123142216	0.00100934423	0.0013735533	0.000364209064	0.000710286351	100	0	0	0	3
186	1103	0	2.17584061	0.00140100896	0.00124053064	0.00103872776	0.00140100896	0.000362281195	0.000710286351	100	0	0	0	3
187	1109	0	2.18753868	0.00145624093	0.00125022424	0.00103872776	0.00145624093	0.000417513171	0.000710286351	100	0	0	0	3
188	1115	0	2.19923675	0.0014992775	0.0012609347	0.00107203031	0.0014992775	0.000427247187	0.000710286351	100	0	0	0	3
189	1121	0	2.21093482	0.00143088689	0.00126927168	0.00107203031	0.0014992775	0.000427247187	0.000710286351	100	0	0	0	3
190	1126	0	2.22263288	0.00148571994	0.00127861909	0.00107203031	0.0014992775	0.000427247187	0.000710286351	100	0	0	0	3
191	1132	0	2.23433095	0.00140205645	0.00128563806	0.00107203031	0.0014992775	0.000427247187	0.000710286351	100	0	0	0	3
192	1138	0	2.24602902	0.00145981776	0.00129465637	0.00111713713	0.0014992775	0.000382140367	0.000710286351	100	0	0	0	3
193	1144	0	2.25772709	0.00133935108	0.00129974942	0.00111713713	0.0014992775	0.000382140367	0.000710286351	100	0	0	0	3
194	1149	0	2.26942515	0.00139754935	0.00130627063	0.00114521582	0.0014992775	0.000354061678	0.000710286351	100	0	0	0	3
195	1155	0	2.28112322	0.00132789009	0.00131051887	0.00116320346	0.0014992775	0.000336074041	0.000710286351	100	0	0	0	3
196	1160	0	2.29282129	0.00137019616	0.00131533265	0.00118173078	0.0014992775	0.000317546725	0.000710286351	100	0	0	0	3
197	1166	0	2.30451936	0.00134585188	0.00131914942	0.00119584812	0.0014992775	0.000303429378	0.000710286351	100	0	0	0	3
198	1172	0	2.31621743	0.0013910944	0.00132333441	0.00119584812	0.0014992775	0.000303429378	0.000710286351	100	0	0	0	3
199	1178	0	2.32791549	0.00133447302	0.00132592892	0.00119584812	0.0014992775	0.000303429378	0.000710286351	100	0	0	0	3
200	1183	0	2.33961356	0.00139432235	0.0013305446	0.00120074894	0.0014992775	0.000298528562	0.000710286351	100	0	0	0	3
201	1190	0	2.35131163	0.00135404914	0.00133311106	0.00120074894	0.0014992775	0.000298528562	0.000710286351	100	0	0	0	3
202	1196	0	2.3630097	0.00140129765	0.00133705513	0.00120074894	0.0014992775	0.000298528562	0.000710286351	100	0	0	0	3
203	1201	0	2.37470776	0.00135586237	0.00133942796	0.00120074894	0.0014992775	0.000298528562	0.000710286351	100	0	0	0	3
204	1207	0	2.38640583	0.00139580471	0.00134317308	0.00120074894	0.0014992775	0.000298528562	0.000710286351	100	0	0	0	3
205	1213	0	2.3981039	0.00135506809	0.0013467619	0.00121556769	0.0014992775	0.000283709809	0.000710286351	100	0	0	0	3
206	1218	0	2.40980197	0.00145224554	0.00135219787	0.00121556769	0.0014992775	0.000283709809	0.000710286351	100	0	0	0	3
207	1224	0	2.42150004	0.00139745436	0.00135563204	0.00121556769	0.0014992775	0.000283709809	0.000710286351	100	0	0	0	3
208	1230	0	2.4331981	0.00148449895	0.00135908775	0.00121556769	0.0014992775	0.000283709809	0.000710286351	100	0	0	0	3
209	1235	0	2.44489617	0.00142067171	0.00136234957	0.00121556769	0.0014992775	0.000283709809	0.000710286351	100	0	0	0	3
210	1241	0	2.45659424	0.00146147013	0.00136589053	0.00121556769	0.0014992775	0.000283709809	0.000710286351	100	0	0	0	3
211	1247	0	2.46829231	0.00135779947	0.00136723665	0.00121556769	0.0014992775	0.000283709809	0.000710286351	100	0	0	0	3
212	1252	0	2.47999038	0.00140676003	0.00136919161	0.00121556769	0.0014992775	0.000283709809	0.000710286351	100	0	0	0	3
213	1258	0	2.49168844	0.00135375441	0.001370435	0.00121556769	0.0014992775	0.000283709809	0.000710286351	100	0	0	0	3
214	1263	0	2.50338651	0.001424503	0.00137529396	0.00124415963	0.0014992775	0.000255117875	0.000710286351	100	0	0	0	3
215	1269	0	2.51508458	0.00140296445	0.0013789871	0.00127193249	0.0014992775	0.000227345014	0.000710286351	100	0	0	0	3
216	1275	0	2.52678265	0.00148077988	0.00138384401	0.00128436211	0.0014992775	0.00021491539	0.000710286351	100	0	0	0	3
217	1280	0	2.53848071	0.00144983729	0.00138713535	0.00128436211	0.0014992775	0.00021491539	0.000710286351	100	0	0	0	3
218	1286	0	2.55017878	0.00156649167	0.00139218632	0.00128436211	0.00156649167	0.000280820809	0.000710286351	100	0	0	0	3
219	1292	0	2.56187685	0.00152600849	0.00139648696	0.00128436211	0.00156649167	0.000268134334	0.000710286351	100	0	0	0	3
220	1297	0	2.57357492	0.00157778905	0.00140243939	0.00128436211	0.00157778905	0.000256600645	0.000710286351	100	0	0	0	3
221	1303	0	2.58527299	0.00154626156	0.00140773938	0.00128436211	0.00157778905	0.000244170298	0.000710286351	100	0	0	0	3
222	1309	0	2.59697105	0.00164052275	0.00141394797	0.00128436211	0.00164052275	0.000235041782	0.000710286351	100	0	0	0	3
223	1315	0	2.60866912	0.00161296746	0.00142011786	0.00128436211	0.00164052275	0.000228848253	0.000710286351	100	0	0	0	3
224	1320	0	2.62036719	0.00169962842	0.00142977521	0.00128953806	0.00169962842	0.000226161995	0.000710286351	100	0	0	0	3
225	1326	0	2.63206526	0.00170054873	0.00143827831	0.00128953806	0.00170054873	0.000225172174	0.000710286351	100	0	0	0	3
226	1332	0	2.64376332	0.0018154775	0.00145050946	0.00132789009	0.0018154775	0.000227451771	0.000710286351	100	0	0	0	3
227	1337	0	2.65546139	0.00182478939	0.00146125451	0.00132789009	0.00182478939	0.000229832355	0.000710286351	100	0	0	0	3
228	1343	0	2.66715946	0.00190003805	0.00147444375	0.00132789009	0.00190003805	0.000233913107	0.000710286351	100	0	0	0	3
229	1348	0	2.67885753	0.00184513822	0.00148477233	0.00132789009	0.00190003805	0.000234548089	0.000710286351	100	0	0	0	3
230	1354	0	2.6905556	0.00191293559	0.00149539314	0.00132789009	0.00191293559	0.000234458436	0.000710286351	100	0	0	0	3
231	1360	0	2.70225366	0.00188012839	0.00150425014	0.00132789009	0.00191293559	0.000234978456	0.000710286351	100	0	0	0	3
232	1366	0	2.71395173	0.00188313534	0.00151476754	0.00132789009	0.00191293559	0.000236148451	0.000710286351	100	0	0	0	3
233	1371	0	2.7256498	0.00182715165	0.00152270781	0.00132789009	0.00191293559	0.000237069753	0.000710286351	100	0	0	0	3
234	1377	0	2.73734787	0.00191145305	0.00153455425	0.00132789009	0.00191293559	0.000239897873	0.000710286351	100	0	0	0	3
235	1382	0	2.74904593	0.00189616174	0.00154470178	0.00132789009	0.00191293559	0.000244952364	0.000710286351	100	0	0	0	3
236	1388	0	2.760744	0.00195169498	0.00155894234	0.00132789009	0.00195169498	0.000252671705	0.000710286351	100	0	0	0	3
237	1394	0	2.77244207	0.00189479513	0.00157050619	0.00132789009	0.00195169498	0.000259987322	0.000710286351	100	0	0	0	3
238	1399	0	2.78414014	0.00190790774	0.00158399498	0.00133447302	0.00195169498	0.000268662321	0.000710286351	100	0	0	0	3
239	1405	0	2.79583821	0.00190526074	0.00159643834	0.00133447302	0.00195169498	0.000277288913	0.000710286351	100	0	0	0	3
240	1410	0	2.80753627	0.00186206062	0.00160844319	0.00133447302	0.00195169498	0.000285108777	0.000710286351	100	0	0	0	3
241	1416	0	2.81923434	0.00181527553	0.00161830787	0.00133447302	0.00195169498	0.000292378953	0.000710286351	100	0	0	0	3
242	1422	0	2.83093241	0.00182201799	0.00162964612	0.00135375441	0.00195169498	0.000299101528	0.000710286351	100	0	0	0	3
243	1427	0	2.84263048	0.00173542512	0.00163757875	0.00135375441	0.00195169498	0.000304467689	0.000710286351	100	0	0	0	3
244	1433	0	2.85432855	0.00180315679	0.00164802311	0.00135375441	0.00195169498	0.000310967979	0.000710286351	100	0	0	0	3
245	1439	0	2.86602661	0.00176746139	0.00165653855	0.00135375441	0.00195169498	0.00031711059	0.000710286351	100	0	0	0	3
246	1444	0	2.87772468	0.00182793939	0.00166751708	0.00135375441	0.00195169498	0.000324343998	0.000710286351	100	0	0	0	3
247	1450	0	2.88942275	0.00181755445	0.00167732522	0.00135375441	0.00195169498	0.000330563314	0.000710286351	100	0	0	0	3
248	1456	0	2.90112082	0.00188149347	0.00168956767	0.00135375441	0.00195169498	0.0003373698	0.000710286351	100	0	0	0	3
249	1461	0	2.91281888	0.00180249971	0.00169771311	0.00135375441	0.00195169498	0.000342081077	0.000710286351	100	0	0	0	3
250	1467	0	2.92451695	0.00186427889	0.0017085695	0.00135375441	0.00195169498	0.000349481742	0.000710286351	100	0	0	0	3
251	1472	0	2.93621502	0.00182158528	0.00171640871	0.00135375441	0.00195169498	0.000354059142	0.000710286351	100	0	0	0	3
252	1478	0	2.94791309	0.00183020147	0.00172593266	0.00135375441	0.00195169498	0.000360042128	0.000710286351	100	0	0	0	3
253	1484	0	2.95961116	0.00177261908	0.00173316868	0.00135375441	0.00195169498	0.000365932035	0.000710286351	100	0	0	0	3
254	1489	0	2.97130922	0.00182242941	0.00174397403	0.00135375441	0.00195169498	0.000374782419	0.000710286351	100	0	0	0	3
255	1495	0	2.98300729	0.00176537163	0.00175231384	0.00135375441	0.00195169498	0.000381878833	0.000710286351	100	0	0	0	3
256	1500	0	2.99470536	0.00184584723	0.00176375785	0.00140296445	0.00195169498	0.000388463892	0.000710286351	100	0	0	0	3
257	1506	0	3.00640343	0.00178088382	0.00177204578	0.00140296445	0.00195169498	0.000393058682	0.000710286351	100	0	0	0	3
258	1512	0	3.01810149	0.00184429355	0.00178230925	0.00144983729	0.00195169498	0.000398465234	0.000710286351	100	0	0	0	3
259	1518	0	3.02979956	0.00179850372	0.00178969817	0.00144983729	0.00195169498	0.000402562828	0.000710286351	100	0	0	0	3
260	1523	0	3.04149763	0.00191700946	0.00180056264	0.00152600849	0.00195169498	0.000408376327	0.000710286351	100	0	0	0	3
261	1529	0	3.0531957	0.00180436596	0.0018060946	0.00152600849	0.00195169498	0.000409607646	0.000710286351	100	0	0	0	3
262	1534	0	3.06489377	0.00191232561	0.00181507872	0.00154626156	0.00195169498	0.000405433425	0.000710286351	100	0	0	0	3
263	1540	0	3.07659183	0.00185210554	0.00182145818	0.00154626156	0.00195169498	0.000405433425	0.000710286351	100	0	0	0	3
264	1546	0	3.0882899	0.00185943003	0.00182874116	0.00161296746	0.00195169498	0.000338727518	0.000710286351	100	0	0	0	3
265	1551	0	3.09998797	0.00177284277	0.00183181837	0.00161296746	0.00195169498	0.000338727518	0.000710286351	100	0	0	0	3
266	1557	0	3.11168604	0.00185586701	0.0018374672	0.00169962842	0.00195169498	0.000252066566	0.000710286351	100	0	0	0	3
267	1563	0	3.1233841	0.00179964939	0.00183979327	0.00170054873	0.00195169498	0.000251146254	0.000710286351	100	0	0	0	3
268	1568	0	3.13508217	0.00188839026	0.00184416168	0.00173542512	0.00195169498	0.000216269859	0.000710286351	100	0	0	0	3
269	1574	0	3.14678024	0.00186322582	0.0018452721	0.00173542512	0.00195169498	0.000216269859	0.000710286351	100	0	0	0	3
270	1580	0	3.15847831	0.00190758195	0.00184719751	0.00173542512	0.00195169498	0.000216269859	0.000710286351	100	0	0	0	3
271	1585	0	3.17017638	0.00183092262	0.00184559018	0.00173542512	0.00195169498	0.000216269859	0.000710286351	100	0	0	0	3
272	1591	0	3.18187444	0.00187477354	0.00184627937	0.00173542512	0.00195169498	0.000216269859	0.000710286351	100	0	0	0	3
273	1597	0	3.19357251	0.00182250785	0.0018441764	0.00173542512	0.00195169498	0.000216269859	0.000710286351	100	0	0	0	3
274	1602	0	3.20527058	0.00184573254	0.0018433765	0.00173542512	0.00195169498	0.000216269859	0.000710286351	100	0	0	0	3
275	1608	0	3.21696865	0.00180303631	0.00184151373	0.00173542512	0.00195169498	0.000216269859	0.000710286351	100	0	0	0	3
276	1614	0	3.22866671	0.00187169665	0.00184254966	0.00173542512	0.00195169498	0.000216269859	0.000710286351	100	0	0	0	3
277	1620	0	3.24036478	0.00188119442	0.00184184597	0.00173542512	0.00195169498	0.000216269859	0.000710286351	100	0	0	0	3
278	1625	0	3.25206285	0.00197445453	0.00184366673	0.00173542512	0.00197445453	0.000239029404	0.000710286351	100	0	0	0	3
279	1631	0	3.26376092	0.00193192538	0.00184320697	0.00173542512	0.00197445453	0.000239029404	0.000710286351	100	0	0	0	3
280	1636	0	3.27545899	0.00198915569	0.0018454014	0.00173542512	0.00198915569	0.000253730566	0.000710286351	100	0	0	0	3
281	1643	0	3.28715705	0.00192017633	0.00184568672	0.00173542512	0.00198915569	0.000250759174	0.000710286351	100	0	0	0	3
282	1649	0	3.29885512	0.00198125688	0.00184745407	0.00173542512	0.00198915569	0.00023901088	0.000710286351	100	0	0	0	3
283	1655	0	3.31055319	0.00194777499	0.00184944743	0.00173542512	0.00198915569	0.00023113956	0.000710286351	100	0	0	0	3
284	1660	0	3.32225126	0.00199981542	0.00185373905	0.00173542512	0.00199981542	0.00022409293	0.000710286351	100	0	0	0	3
285	1666	0	3.33394933	0.00192338647	0.00185609646	0.00173542512	0.00199981542	0.000218517714	0.000710286351	100	0	0	0	3
286	1672	0	3.34564739	0.00195640885	0.00186123562	0.00176537163	0.00199981542	0.000213212507	0.000710286351	100	0	0	0	3
287	1677	0	3.35734546	0.0018997336	0.00186348159	0.00176537163	0.00199981542	0.000206943043	0.000710286351	100	0	0	0	3
288	1683	0	3.36904353	0.00195617855	0.00186787036	0.00176537163	0.00199981542	0.000200353279	0.000710286351	100	0	0	0	3
289	1689	0	3.3807416	0.00187030006	0.00186885549	0.00176537163	0.00199981542	0.000191530277	0.000710286351	100	0	0	0	3
290	1694	0	3.39243966	0.00193427675	0.00187156996	0.00176537163	0.00199981542	0.000182002298	0.000710286351	100	0	0	0	3
291	1700	0	3.40413773	0.00189869294	0.00187196995	0.00176537163	0.00199981542	0.00017425684	0.000710286351	100	0	0	0	3
292	1706	0	3.4158358	0.00190603937	0.00187437785	0.00176537163	0.00199981542	0.000165808355	0.000710286351	100	0	0	0	3
293	1711	0	3.42753387	0.00177460484	0.00187229241	0.00176537163	0.00199981542	0.000157969138	0.000710286351	100	0	0	0	3
294	1717	0	3.43923194	0.00186669294	0.00187334142	0.00176537163	0.00199981542	0.00014844519	0.000710286351	100	0	0	0	3
295	1723	0	3.45093	0.00181588766	0.00187300854	0.00176537163	0.00199981542	0.000141209168	0.000710286351	100	0	0	0	3
296	1729	0	3.46262807	0.00190912172	0.00187618302	0.00176537163	0.00199981542	0.000132208994	0.000710286351	100	0	0	0	3
297	1734	0	3.47432614	0.00179422644	0.00187552714	0.00176537163	0.00199981542	0.000123869189	0.000710286351	100	0	0	0	3
298	1740	0	3.48602421	0.00187785688	0.00187814308	0.00177284277	0.00199981542	0.000114385223	0.000710286351	100	0	0	0	3
299	1746	0	3.49772227	0.0018048667	0.00187719004	0.00177284277	0.00199981542	0.000106097297	0.000710286351	100	0	0	0	3
300	1751	0	3.50942034	0.00189759777	0.00187990432	0.00177284277	0.00199981542	9.75950723e-005	0.000710286351	100	0	0	0	3
301	1758	0	3.52111841	0.00182054503	0.00187935203	0.00177284277	0.00199981542	9.02061457e-005	0.000710286351	100	0	0	0	3
302	1764	0	3.53281648	0.00188291736	0.00188131514	0.00177284277	0.00199981542	8.07524933e-005	0.000710286351	100	0	0	0	3
303	1770	0	3.54451455	0.00180193642	0.00187863902	0.00177284277	0.00199981542	7.52205331e-005	0.000710286351	100	0	0	0	3
304	1775	0	3.55621261	0.00188127871	0.00188042769	0.00177284277	0.00199981542	6.62364139e-005	0.000710286351	100	0	0	0	3
305	1781	0	3.56791068	0.0018400445	0.00187874673	0.00177284277	0.00199981542	5.98569607e-005	0.000710286351	100	0	0	0	3
306	1787	0	3.57960875	0.00196354056	0.00188133824	0.00177284277	0.00199981542	5.25970804e-005	0.000710286351	100	0	0	0	3
307	1793	0	3.59130682	0.00187584992	0.0018817201	0.00177284277	0.00199981542	4.99017285e-005	0.000710286351	100	0	0	0	3
308	1798	0	3.60300488	0.00195737546	0.00188601156	0.00177460484	0.00199981542	4.85443597e-005	0.000710286351	100	0	0	0	3
309	1804	0	3.61470295	0.0018421278	0.00188569204	0.00177460484	0.00199981542	4.62182906e-005	0.000710286351	100	0	0	0	3
310	1810	0	3.62640102	0.00195129847	0.00188921877	0.00177460484	0.00199981542	4.77050395e-005	0.000710286351	100	0	0	0	3
311	1815	0	3.63809909	0.00183702635	0.00188802426	0.00177460484	0.00199981542	4.77050395e-005	0.000710286351	100	0	0	0	3
312	1821	0	3.64979716	0.0019283326	0.00188953837	0.00177460484	0.00199981542	4.80246408e-005	0.000710286351	100	0	0	0	3
313	1827	0	3.66149522	0.00180495923	0.00188715179	0.00177460484	0.00199981542	4.80246408e-005	0.000710286351	100	0	0	0	3
314	1832	0	3.67319329	0.00190026743	0.00188876446	0.00177460484	0.00199981542	4.80246408e-005	0.000710286351	100	0	0	0	3
315	1838	0	3.68489136	0.00180479716	0.00188713711	0.00177460484	0.00199981542	4.80246408e-005	0.000710286351	100	0	0	0	3
316	1844	0	3.69658943	0.00186760645	0.00188818591	0.00177460484	0.00199981542	4.80246408e-005	0.000710286351	100	0	0	0	3
317	1849	0	3.7082875	0.00180012978	0.00188712538	0.00177460484	0.00199981542	4.80246408e-005	0.000710286351	100	0	0	0	3
318	1855	0	3.71998556	0.00187301198	0.00188875272	0.00177460484	0.00199981542	4.76923994e-005	0.000710286351	100	0	0	0	3
319	1861	0	3.73168363	0.00183110889	0.00188780882	0.00177460484	0.00199981542	4.76923994e-005	0.000710286351	100	0	0	0	3
320	1866	0	3.7433817	0.00186918503	0.00188752953	0.00177460484	0.00199981542	4.63313953e-005	0.000710286351	100	0	0	0	3
321	1872	0	3.75507977	0.0018600364	0.00188486865	0.00177460484	0.00199981542	4.63313953e-005	0.000710286351	100	0	0	0	3
322	1878	0	3.76677783	0.00195198477	0.00188533514	0.00177460484	0.00199981542	4.41369636e-005	0.000710286351	100	0	0	0	3
323	1883	0	3.7784759	0.00185779451	0.00188228023	0.00177460484	0.00199981542	4.38516476e-005	0.000710286351	100	0	0	0	3
324	1889	0	3.79017397	0.00195764102	0.0018831515	0.00177460484	0.00199981542	4.20842956e-005	0.000710286351	100	0	0	0	3
325	1895	0	3.80187204	0.00188840802	0.00188099223	0.00177460484	0.00199981542	4.00909383e-005	0.000710286351	100	0	0	0	3
326	1901	0	3.81357011	0.00196208513	0.00188132502	0.00177460484	0.00199981542	3.5799313e-005	0.000710286351	100	0	0	0	3
327	1906	0	3.82526817	0.0019208064	0.0018794876	0.00177460484	0.00196354056	3.34419065e-005	0.000710286351	100	0	0	0	3
328	1912	0	3.83696624	0.00200411902	0.0018813651	0.00177460484	0.00200411902	2.830275e-005	0.000710286351	100	0	0	0	3
329	1918	0	3.84866431	0.00197660268	0.00188183473	0.00177460484	0.00200411902	2.60567778e-005	0.000710286351	100	0	0	0	3
330	1923	0	3.86036238	0.00204795605	0.00188528176	0.00177460484	0.00204795605	2.16680067e-005	0.000710286351	100	0	0	0	3
331	1929	0	3.87206044	0.00197510059	0.00188572181	0.00177460484	0.00204795605	2.0682875e-005	0.000710286351	100	0	0	0	3
332	1935	0	3.88375851	0.00204229082	0.00188972159	0.00177460484	0.00204795605	1.81516291e-005	0.000710286351	100	0	0	0	3
333	1940	0	3.89545658	0.00190059778	0.00188893836	0.00177460484	0.00204795605	1.77516416e-005	0.000710286351	100	0	0	0	3
334	1946	0	3.90715465	0.00201433813	0.00189162779	0.00177460484	0.00204795605	1.93353767e-005	0.000710286351	100	0	0	0	3
335	1952	0	3.91885272	0.00190154085	0.00189152317	0.00177460484	0.00204795605	1.93353767e-005	0.000710286351	100	0	0	0	3
336	1958	0	3.93055078	0.0019259128	0.00189504196	0.00179422644	0.00204795605	2.20334137e-005	0.000710286351	100	0	0	0	3
337	1963	0	3.94224885	0.00181001593	0.00189372389	0.00179422644	0.00204795605	2.20334137e-005	0.000710286351	100	0	0	0	3
338	1969	0	3.95394692	0.00188233938	0.00189526928	0.00179422644	0.00204795605	1.97421355e-005	0.000710286351	100	0	0	0	3
339	1975	0	3.96564499	0.00182367767	0.00189328221	0.00179422644	0.00204795605	1.97421355e-005	0.000710286351	100	0	0	0	3
340	1981	0	3.97734305	0.00188721816	0.0018954448	0.00180012978	0.00204795605	1.82547621e-005	0.000710286351	100	0	0	0	3
341	1986	0	3.98904112	0.00182162118	0.001894137	0.00180012978	0.00204795605	1.82547621e-005	0.000710286351	100	0	0	0	3
342	1992	0	4.00073919	0.00188690328	0.00189604482	0.00180012978	0.00204795605	1.74058049e-005	0.000710286351	100	0	0	0	3
