Iteration	CPUTime	PhysTime	Travels	Value	AvValue	MinValue	MaxValue	Delta	Criteria	Progress	dGMaxMin	CriteriaType	CriteriaVarType	CriteriaPercentage
1	21	0	0.0116980678	293.200001	293.200001	293.200001	293.200001	0	0	0	0.00166666	0	0	3
2	28	0	0.0233961356	293.200001	293.200001	293.200001	293.200001	1.06737843e-007	0	0	0.00160376	0	0	3
3	40	0	0.0350942034	293.200002	293.200001	293.200001	293.200002	1.78422454e-007	0	0	0.00153551	0	0	3
4	52	0	0.0467922712	293.200002	293.200001	293.200001	293.200002	2.39392989e-007	0	0	0.00145765	0	0	3
5	63	0	0.058490339	293.200002	293.200002	293.200001	293.200002	2.96245219e-007	0	0	0.00141347	0	0	3
6	69	0	0.0701884068	293.200002	293.200002	293.200001	293.200002	3.63244055e-007	0	0	0.00134764	0	0	3
7	75	0	0.0818864747	293.200002	293.200002	293.200001	293.200002	4.39817768e-007	0	0	0.00129795	0	0	3
8	80	0	0.0935845425	293.200002	293.200002	293.200001	293.200002	5.23507026e-007	0	0	0.00129698	0	0	3
9	86	0	0.10528261	293.200003	293.200002	293.200001	293.200003	6.12044062e-007	0	0	0.00128085	0	0	3
10	92	0	0.116980678	293.200003	293.200002	293.200001	293.200003	7.03855164e-007	0	0	0.00125665	0	0	3
11	98	0	0.128678746	293.200003	293.200002	293.200001	293.200003	8.09124799e-007	0	0	0.00121139	0	0	3
12	104	0	0.140376814	293.200003	293.200002	293.200001	293.200003	9.24260348e-007	0	0	0.00117726	0	0	3
13	110	0	0.152074882	293.200004	293.200002	293.200001	293.200004	1.04687234e-006	0	0	0.00118806	0	0	3
14	115	0	0.163772949	293.200004	293.200002	293.200001	293.200004	1.17520887e-006	0	0	0.00119558	0	0	3
15	121	0	0.175471017	293.200004	293.200003	293.200001	293.200004	1.30806262e-006	0	0	0.00119571	0	0	3
16	127	0	0.187169085	293.200005	293.200003	293.200001	293.200005	1.45478947e-006	0	0	0.00118431	0	0	3
17	132	0	0.198867153	293.200005	293.200003	293.200001	293.200005	1.61286175e-006	0	0	0.00116306	0	0	3
18	138	0	0.210565221	293.200006	293.200003	293.200001	293.200006	1.78036862e-006	0	0	0.00114077	0	0	3
19	144	0	0.222263288	293.200006	293.200003	293.200001	293.200006	1.95598699e-006	0	0	0.00120118	0	0	3
20	149	0	0.233961356	293.200007	293.200003	293.200001	293.200007	2.13836631e-006	0	0	0.00157036	0	0	3
21	155	0	0.245659424	293.200008	293.200004	293.200001	293.200008	2.33780349e-006	0	0	0.00171046	0	0	3
22	160	0	0.257357492	293.200008	293.200004	293.200001	293.200008	2.55177122e-006	0	0	0.00229626	0	0	3
23	166	0	0.26905556	293.200009	293.200004	293.200001	293.200009	2.77749854e-006	0	0	0.00241939	0	0	3
24	172	0	0.280753627	293.20001	293.200004	293.200001	293.20001	3.01330743e-006	0	0	0.00296181	0	0	3
25	177	0	0.292451695	293.20001	293.200005	293.200001	293.20001	3.25733333e-006	0	0	0.00307521	0	0	3
26	183	0	0.304149763	293.200011	293.200005	293.200001	293.200011	3.52143689e-006	0	0	0.0037676	0	0	3
27	188	0	0.315847831	293.200012	293.200005	293.200001	293.200012	3.80214749e-006	0	0	0.00396526	0	0	3
28	194	0	0.327545899	293.200013	293.200005	293.200001	293.200013	4.09724487e-006	0	0	0.00452525	0	0	3
29	200	0	0.339243966	293.200014	293.200006	293.200001	293.200014	4.40429028e-006	0	0	0.00460237	0	0	3
30	205	0	0.350942034	293.200015	293.200006	293.200001	293.200015	4.72165152e-006	0	0	0.00504574	0	0	3
31	211	0	0.362640102	293.200017	293.200006	293.200001	293.200017	5.061732e-006	0	0	0.00524163	0	0	3
32	217	0	0.37433817	293.200018	293.200007	293.200001	293.200018	5.42100702e-006	0	0	0.00573101	0	0	3
33	222	0	0.386036238	293.200019	293.200007	293.200001	293.200019	5.79571298e-006	0	0	0.00572506	0	0	3
34	228	0	0.397734305	293.20002	293.200007	293.200001	293.20002	6.18294126e-006	0	0	0.00619815	0	0	3
35	234	0	0.409432373	293.200021	293.200008	293.200001	293.200021	6.57943065e-006	0	0	0.00612648	0	0	3
36	240	0	0.421130441	293.200023	293.200008	293.200001	293.200023	6.9964002e-006	0	0	0.0066787	0	0	3
37	245	0	0.432828509	293.200024	293.200009	293.200001	293.200024	7.42813705e-006	0	0	0.00659813	0	0	3
38	251	0	0.444526577	293.200025	293.200009	293.200001	293.200025	7.87055461e-006	0	0	0.00700048	0	0	3
39	257	0	0.456224645	293.200027	293.20001	293.200001	293.200027	8.3195975e-006	0	0	0.00689925	0	0	3
40	262	0	0.467922712	293.200028	293.20001	293.200001	293.200028	8.77225852e-006	0	0	0.00718672	0	0	3
41	268	0	0.47962078	293.200029	293.20001	293.200001	293.200029	9.23458953e-006	0	0	0.00780881	0	0	3
42	274	0	0.491318848	293.20003	293.200011	293.200001	293.20003	9.70140144e-006	0	0	0.00745191	0	0	3
43	279	0	0.503016916	293.200031	293.200011	293.200001	293.200031	1.01688917e-005	0	0	0.00733942	0	0	3
44	285	0	0.514714984	293.200032	293.200012	293.200001	293.200032	1.07746363e-005	0	0	0.00723435	0	0	3
45	291	0	0.526413051	293.200033	293.200013	293.200002	293.200033	1.14269494e-005	0	0	0.00681594	0	0	3
46	297	0	0.538111119	293.200033	293.200014	293.200002	293.200033	1.21016661e-005	0	0	0.00627473	0	0	3
47	303	0	0.549809187	293.200034	293.200014	293.200002	293.200034	1.27901226e-005	0	0	0.00639294	0	0	3
48	308	0	0.561507255	293.200034	293.200015	293.200002	293.200034	1.34759753e-005	0	0	0.00612563	0	0	3
49	314	0	0.573205323	293.200034	293.200016	293.200002	293.200034	1.4156143e-005	0	0	0.00652381	0	0	3
50	320	0	0.58490339	293.200035	293.200017	293.200002	293.200035	1.48308968e-005	0	0	0.00645259	0	0	3
51	325	0	0.596601458	293.200035	293.200017	293.200003	293.200035	1.55007065e-005	0	0	0.00628691	0	0	3
52	331	0	0.608299526	293.200035	293.200018	293.200003	293.200035	1.61660194e-005	0	0	0.00668915	0	0	3
53	337	0	0.619997594	293.200035	293.200019	293.200003	293.200035	1.68155749e-005	0	0	0.00695253	0	0	3
54	342	0	0.631695662	293.200035	293.20002	293.200003	293.200035	1.74493057e-005	0	0	0.00711453	0	0	3
55	348	0	0.643393729	293.200035	293.20002	293.200004	293.200035	1.80689824e-005	0	0	0.00728292	0	0	3
56	354	0	0.655091797	293.200035	293.200021	293.200004	293.200035	1.86758073e-005	0	0	0.00734206	0	0	3
57	359	0	0.666789865	293.200035	293.200022	293.200004	293.200035	1.92705745e-005	0	0	0.00740747	0	0	3
58	365	0	0.678487933	293.200035	293.200023	293.200005	293.200035	1.98436652e-005	0	0	0.00737923	0	0	3
59	371	0	0.690186001	293.200035	293.200023	293.200005	293.200035	2.03934462e-005	0	0	0.00737287	0	0	3
60	377	0	0.701884068	293.200035	293.200024	293.200006	293.200035	2.09217793e-005	0	0	0.00728019	0	0	3
61	382	0	0.713582136	293.200035	293.200025	293.200006	293.200035	2.14297798e-005	0	0	0.00723887	0	0	3
62	388	0	0.725280204	293.200035	293.200025	293.200007	293.200035	2.19186165e-005	0	0	0.007105	0	0	3
63	394	0	0.736978272	293.200035	293.200026	293.200008	293.200035	2.23778464e-005	0	0	0.00703976	0	0	3
64	399	0	0.74867634	293.200035	293.200027	293.200008	293.200035	2.2804413e-005	0	0	0.00688266	0	0	3
65	405	0	0.760374408	293.200035	293.200027	293.200009	293.200035	2.320114e-005	0	0	0.00680753	0	0	3
66	411	0	0.772072475	293.200035	293.200028	293.20001	293.200035	2.35699263e-005	0	0	0.00665247	0	0	3
67	417	0	0.783770543	293.200035	293.200028	293.20001	293.200035	2.39126877e-005	0	0	0.00656646	0	0	3
68	423	0	0.795468611	293.200035	293.200029	293.200011	293.200035	2.40072562e-005	0	0	0.00641894	0	0	3
69	428	0	0.807166679	293.200035	293.20003	293.200012	293.200035	2.30306603e-005	0	0	0.00633454	0	0	3
70	434	0	0.818864747	293.200035	293.20003	293.200013	293.200035	2.20664097e-005	0	0	0.00620806	0	0	3
71	440	0	0.830562814	293.200035	293.200031	293.200014	293.200035	2.11297217e-005	0	0	0.00614226	0	0	3
72	446	0	0.842260882	293.200034	293.200031	293.200015	293.200035	2.0206155e-005	0	0	0.00600789	0	0	3
73	451	0	0.85395895	293.200034	293.200031	293.200017	293.200035	1.8867135e-005	0	0	0.00594264	0	0	3
74	457	0	0.865657018	293.200034	293.200032	293.200018	293.200035	1.75727504e-005	0	0	0.00581608	0	0	3
75	463	0	0.877355086	293.200034	293.200032	293.200019	293.200035	1.63449798e-005	0	0	0.00576193	0	0	3
76	468	0	0.889053153	293.200034	293.200033	293.20002	293.200035	1.51698081e-005	0	0	0.00564611	0	0	3
77	474	0	0.900751221	293.200034	293.200033	293.200021	293.200035	1.40712134e-005	0	0	0.005596	0	0	3
78	480	0	0.912449289	293.200034	293.200033	293.200023	293.200035	1.25409476e-005	0	0	0.0054865	0	0	3
79	485	0	0.924147357	293.200034	293.200033	293.200024	293.200035	1.11606177e-005	0	0	0.00544087	0	0	3
80	491	0	0.935845425	293.200034	293.200034	293.200025	293.200035	9.89128023e-006	0	0	0.00533162	0	0	3
81	497	0	0.947543492	293.200033	293.200034	293.200027	293.200035	8.74805596e-006	0	0	0.00527348	0	0	3
82	502	0	0.95924156	293.200033	293.200034	293.200028	293.200035	7.70524565e-006	0	0	0.00517063	0	0	3
83	508	0	0.970939628	293.200033	293.200034	293.200029	293.200035	6.40345411e-006	0	0	0.00512263	0	0	3
84	514	0	0.982637696	293.200033	293.200034	293.20003	293.200035	5.29059247e-006	0	0	0.00502597	0	0	3
85	520	0	0.994335764	293.200033	293.200034	293.200031	293.200035	4.32779763e-006	0	0	0.00498107	0	0	3
86	525	0	1.00603383	293.200033	293.200034	293.200032	293.200035	3.49453614e-006	2.93200033e-006	0	0.00488787	0	0	3
87	531	0	1.0177319	293.200033	293.200034	293.200033	293.200035	2.78590727e-006	2.93200033e-006	0	0.00484005	0	0	3
88	537	0	1.02942997	293.200033	293.200034	293.200033	293.200035	2.57096724e-006	2.93200033e-006	0	0.00474986	0	0	3
89	542	0	1.04112803	293.200033	293.200034	293.200033	293.200035	2.6431992e-006	2.93200033e-006	0	0.00469895	0	0	3
90	548	0	1.0528261	293.200033	293.200034	293.200033	293.200035	2.70898187e-006	2.93200033e-006	0	0.00461204	0	0	3
91	554	0	1.06452417	293.200033	293.200034	293.200033	293.200035	2.76941654e-006	2.93200033e-006	0	0.00456142	0	0	3
92	559	0	1.07622224	293.200033	293.200034	293.200033	293.200035	2.81589115e-006	2.93200033e-006	0	0.00447816	0	0	3
93	565	0	1.08792031	293.200033	293.200034	293.200033	293.200035	2.8596458e-006	2.93200033e-006	0	0.00442931	0	0	3
94	570	0	1.09961837	293.200032	293.200034	293.200032	293.200035	2.8979693e-006	2.93200032e-006	0	0.00434946	0	0	3
95	576	0	1.11131644	293.200032	293.200034	293.200032	293.200035	2.92690447e-006	2.93200032e-006	0	0.00430369	0	0	3
96	582	0	1.12301451	293.200032	293.200034	293.200032	293.200035	2.94596458e-006	2.93200032e-006	0	0.00422868	0	0	3
97	587	0	1.13471258	293.200032	293.200034	293.200032	293.200035	2.95951651e-006	2.93200032e-006	0	0.00418148	0	0	3
98	593	0	1.14641065	293.200032	293.200034	293.200032	293.200035	2.96298805e-006	2.93200032e-006	0	0.00411036	0	0	3
99	599	0	1.15810871	293.200032	293.200034	293.200032	293.200035	2.96298805e-006	2.93200032e-006	0	0.00406299	0	0	3
100	604	0	1.16980678	293.200032	293.200034	293.200032	293.200035	2.95187533e-006	2.93200032e-006	0	0.00399522	0	0	3
101	612	0	1.18150485	293.200032	293.200034	293.200032	293.200035	2.92509066e-006	2.93200032e-006	0	0.00395257	0	0	3
102	618	0	1.19320292	293.200032	293.200034	293.200032	293.200035	2.89483887e-006	2.93200032e-006	0	0.00389051	0	0	3
103	623	0	1.20490098	293.200032	293.200034	293.200032	293.200035	2.85530666e-006	2.93200032e-006	0	0.00385254	0	0	3
104	629	0	1.21659905	293.200032	293.200034	293.200032	293.200035	2.81110852e-006	2.93200032e-006	0	0.00379494	0	0	3
105	635	0	1.22829712	293.200033	293.200033	293.200032	293.200035	2.75796799e-006	2.93200033e-006	0	0.0037612	0	0	3
106	641	0	1.23999519	293.200033	293.200033	293.200032	293.200035	2.70122524e-006	2.93200033e-006	0	0.00370828	0	0	3
107	648	0	1.25169326	293.200033	293.200033	293.200032	293.200035	2.6423395e-006	2.93200033e-006	0	0.00367834	0	0	3
108	653	0	1.26339132	293.200033	293.200033	293.200032	293.200035	2.57279186e-006	2.93200033e-006	0	0.00362953	0	0	3
109	659	0	1.27508939	293.200033	293.200033	293.200032	293.200035	2.5004739e-006	2.93200033e-006	0	0.00360309	0	0	3
110	665	0	1.28678746	293.200033	293.200033	293.200032	293.200035	2.42176418e-006	2.93200033e-006	0	0.00355808	0	0	3
111	671	0	1.29848553	293.200033	293.200033	293.200032	293.200035	2.3404744e-006	2.93200033e-006	0	0.00353281	0	0	3
112	677	0	1.31018359	293.200033	293.200033	293.200032	293.200035	2.25108516e-006	2.93200033e-006	0	0.00348953	0	0	3
113	683	0	1.32188166	293.200033	293.200033	293.200032	293.200035	2.15911103e-006	2.93200033e-006	0	0.00346613	0	0	3
114	689	0	1.33357973	293.200033	293.200033	293.200032	293.200034	2.05848198e-006	2.93200033e-006	0	0.00342562	0	0	3
115	695	0	1.3452778	293.200033	293.200033	293.200032	293.200034	1.95820837e-006	2.93200033e-006	0	0.00340423	0	0	3
116	703	0	1.35697587	293.200033	293.200033	293.200032	293.200034	1.85397425e-006	2.93200033e-006	0	0.0033659	0	0	3
117	710	0	1.36867393	293.200033	293.200033	293.200032	293.200034	1.74554373e-006	2.93200033e-006	0	0.00334636	0	0	3
118	716	0	1.380372	293.200033	293.200033	293.200032	293.200034	1.63292867e-006	2.93200033e-006	0	0.00331033	0	0	3
119	722	0	1.39207007	293.200033	293.200033	293.200032	293.200034	1.52395484e-006	2.93200033e-006	0	0.00329797	0	0	3
120	729	0	1.40376814	293.200033	293.200033	293.200032	293.200034	1.40997048e-006	2.93200033e-006	0	0.00328778	0	0	3
121	735	0	1.4154662	293.200033	293.200033	293.200032	293.200034	1.29456475e-006	2.93200033e-006	0	0.00327775	0	0	3
122	741	0	1.42716427	293.200033	293.200033	293.200032	293.200034	1.17988446e-006	2.93200033e-006	0	0.0032685	0	0	3
123	747	0	1.43886234	293.200033	293.200033	293.200032	293.200033	1.07445373e-006	2.93200033e-006	0	0.00325804	0	0	3
124	752	0	1.45056041	293.200033	293.200033	293.200032	293.200033	9.63839739e-007	2.93200033e-006	0	0.00324978	0	0	3
125	758	0	1.46225848	293.200033	293.200033	293.200032	293.200033	8.56910674e-007	2.93200033e-006	0	0.00324053	0	0	3
126	763	0	1.47395654	293.200033	293.200033	293.200032	293.200033	7.54730479e-007	2.93200033e-006	0	0.00323151	0	0	3
127	769	0	1.48565461	293.200033	293.200033	293.200032	293.200033	6.567318e-007	2.93200033e-006	0	0.00322089	0	0	3
128	775	0	1.49735268	293.200033	293.200033	293.200032	293.200033	5.64203162e-007	2.93200033e-006	0	0.003212	0	0	3
129	780	0	1.50905075	293.200033	293.200033	293.200032	293.200033	4.75467743e-007	2.93200033e-006	0	0.00320454	0	0	3
130	786	0	1.52074882	293.200033	293.200033	293.200032	293.200033	3.92020809e-007	2.93200033e-006	0	0.00319638	0	0	3
131	792	0	1.53244688	293.200033	293.200033	293.200032	293.200033	3.19788853e-007	2.93200033e-006	0	0.0031864	0	0	3
132	797	0	1.54414495	293.200033	293.200033	293.200032	293.200033	2.54006181e-007	2.93200033e-006	0	0.00317612	0	0	3
133	804	0	1.55584302	293.200033	293.200033	293.200032	293.200033	1.93571509e-007	2.93200033e-006	0	0.0031661	0	0	3
134	809	0	1.56754109	293.200033	293.200033	293.200032	293.200033	1.64353651e-007	2.93200033e-006	0	0.00315638	0	0	3
135	815	0	1.57923915	293.200033	293.200033	293.200032	293.200033	1.64353651e-007	2.93200033e-006	0	0.00314648	0	0	3
136	820	0	1.59093722	293.200033	293.200033	293.200032	293.200033	1.64353651e-007	2.93200033e-006	0	0.00313762	0	0	3
137	826	0	1.60263529	293.200033	293.200033	293.200032	293.200033	1.64353651e-007	2.93200033e-006	0	0.00312961	0	0	3
138	832	0	1.61433336	293.200033	293.200033	293.200032	293.200033	1.64353651e-007	2.93200033e-006	0	0.00312388	0	0	3
139	837	0	1.62603143	293.200033	293.200033	293.200032	293.200033	1.6700443e-007	2.93200033e-006	0	0.00311242	0	0	3
140	843	0	1.63772949	293.200033	293.200033	293.200032	293.200033	1.71367788e-007	2.93200033e-006	0	0.0031036	0	0	3
141	849	0	1.64942756	293.200033	293.200033	293.200032	293.200033	1.76083518e-007	2.93200033e-006	0	0.00309328	0	0	3
142	855	0	1.66112563	293.200033	293.200033	293.200032	293.200033	1.69888665e-007	2.93200033e-006	0	0.0030849	0	0	3
143	860	0	1.6728237	293.200033	293.200033	293.200032	293.200033	1.5951241e-007	2.93200033e-006	0	0.00307489	0	0	3
144	866	0	1.68452176	293.200033	293.200033	293.200032	293.200033	1.45190995e-007	2.93200033e-006	0	0.00306809	0	0	3
145	871	0	1.69621983	293.200033	293.200033	293.200032	293.200033	1.29549392e-007	2.93200033e-006	0	0.00305934	0	0	3
146	877	0	1.7079179	293.200033	293.200033	293.200032	293.200033	1.10544988e-007	2.93200033e-006	0	0.00305328	0	0	3
147	883	0	1.71961597	293.200033	293.200033	293.200033	293.200033	9.12707492e-008	2.93200033e-006	0	0.00304403	0	0	3
148	888	0	1.73131404	293.200033	293.200033	293.200033	293.200033	7.38468771e-008	2.93200033e-006	0	0.00303813	0	0	3
149	894	0	1.7430121	293.200033	293.200033	293.200033	293.200033	6.80282142e-008	2.93200033e-006	0	0.00302863	0	0	3
150	900	0	1.75471017	293.200033	293.200033	293.200033	293.200033	6.80282142e-008	2.93200033e-006	0	0.00302217	0	0	3
151	905	0	1.76640824	293.200033	293.200033	293.200033	293.200033	6.80282142e-008	2.93200033e-006	0	0.00301168	0	0	3
152	911	0	1.77810631	293.200033	293.200033	293.200033	293.200033	6.80282142e-008	2.93200033e-006	0	0.00300473	0	0	3
153	917	0	1.78980437	293.200033	293.200033	293.200033	293.200033	6.80282142e-008	2.93200033e-006	0	0.00299561	0	0	3
154	922	0	1.80150244	293.200033	293.200033	293.200033	293.200033	6.80282142e-008	2.93200033e-006	0	0.0029901	0	0	3
155	928	0	1.81320051	293.200033	293.200033	293.200033	293.200033	6.80282142e-008	2.93200033e-006	0	0.00298014	0	0	3
156	934	0	1.82489858	293.200033	293.200033	293.200033	293.200033	6.80282142e-008	2.93200033e-006	0	0.00297315	0	0	3
157	940	0	1.83659665	293.200033	293.200033	293.200033	293.200033	6.80282142e-008	2.93200033e-006	0	0.00296416	0	0	3
158	945	0	1.84829471	293.200033	293.200033	293.200033	293.200033	6.80282142e-008	2.93200033e-006	0	0.00295812	0	0	3
159	951	0	1.85999278	293.200033	293.200033	293.200033	293.200033	6.80282142e-008	2.93200033e-006	0	0.00294911	0	0	3
160	956	0	1.87169085	293.200033	293.200033	293.200033	293.200033	6.80282142e-008	2.93200033e-006	0	0.00294199	0	0	3
161	962	0	1.88338892	293.200033	293.200033	293.200033	293.200033	6.80282142e-008	2.93200033e-006	0	0.00293323	0	0	3
162	968	0	1.89508698	293.200033	293.200033	293.200033	293.200033	6.80282142e-008	2.93200033e-006	0	0.00292652	0	0	3
163	973	0	1.90678505	293.200033	293.200033	293.200033	293.200033	6.80282142e-008	2.93200033e-006	0	0.00291725	0	0	3
164	979	0	1.91848312	293.200033	293.200033	293.200033	293.200033	6.61368631e-008	2.93200033e-006	0	0.00291032	0	0	3
165	985	0	1.93018119	293.200033	293.200033	293.200033	293.200033	6.61368631e-008	2.93200033e-006	0	0.00289784	0	0	3
166	990	0	1.94187926	293.200033	293.200033	293.200033	293.200033	6.45347882e-008	2.93200033e-006	0	0.0028925	0	0	3
167	996	0	1.95357732	293.200033	293.200033	293.200033	293.200033	6.44073452e-008	2.93200033e-006	0	0.00288052	0	0	3
168	1002	0	1.96527539	293.200033	293.200033	293.200033	293.200033	5.98581664e-008	2.93200033e-006	0	0.00287598	0	0	3
169	1008	0	1.97697346	293.200033	293.200033	293.200033	293.200033	5.79151447e-008	2.93200033e-006	0	0.00286504	0	0	3
170	1013	0	1.98867153	293.200033	293.200033	293.200033	293.200033	5.46448859e-008	2.93200033e-006	0	0.0028611	0	0	3
171	1019	0	2.0003696	293.200033	293.200033	293.200033	293.200033	5.37174856e-008	2.93200033e-006	0	0.00285017	0	0	3
172	1024	0	2.01206766	293.200033	293.200033	293.200033	293.200033	5.00912734e-008	2.93200033e-006	0	0.00284665	0	0	3
173	1030	0	2.02376573	293.200033	293.200033	293.200033	293.200033	4.98685608e-008	2.93200033e-006	0	0.0028372	0	0	3
174	1036	0	2.0354638	293.200033	293.200033	293.200033	293.200033	4.81898041e-008	2.93200033e-006	0	0.00283474	0	0	3
175	1041	0	2.04716187	293.200033	293.200033	293.200033	293.200033	4.86445515e-008	2.93200033e-006	0	0.00282535	0	0	3
176	1047	0	2.05885993	293.200033	293.200033	293.200033	293.200033	4.4659032e-008	2.93200033e-006	0	0.00282233	0	0	3
177	1053	0	2.070558	293.200033	293.200033	293.200033	293.200033	3.93839628e-008	2.93200033e-006	0	0.00281247	0	0	3
178	1058	0	2.08225607	293.200033	293.200033	293.200033	293.200033	3.60678882e-008	2.93200033e-006	0	0.00280771	0	0	3
179	1064	0	2.09395414	293.200033	293.200033	293.200033	293.200033	3.15566808e-008	2.93200033e-006	0	0.00279916	0	0	3
180	1070	0	2.10565221	293.200033	293.200033	293.200033	293.200033	2.94862161e-008	2.93200033e-006	0	0.00279651	0	0	3
181	1075	0	2.11735027	293.200033	293.200033	293.200033	293.200033	2.4726944e-008	2.93200033e-006	0	0.0027896	0	0	3
182	1081	0	2.12904834	293.200033	293.200033	293.200033	293.200033	2.03635864e-008	2.93200033e-006	0	0.00278648	0	0	3
183	1087	0	2.14074641	293.200033	293.200033	293.200033	293.200033	1.5341584e-008	2.93200033e-006	0	0.00277736	0	0	3
184	1092	0	2.15244448	293.200033	293.200033	293.200033	293.200033	1.12505631e-008	2.93200033e-006	0	0.00277538	0	0	3
185	1098	0	2.16414254	293.200033	293.200033	293.200033	293.200033	1.06815037e-008	2.93200033e-006	0	0.0027679	0	0	3
186	1103	0	2.17584061	293.200033	293.200033	293.200033	293.200033	1.18334356e-008	2.93200033e-006	0	0.00276482	0	0	3
187	1109	0	2.18753868	293.200033	293.200033	293.200033	293.200033	1.18334356e-008	2.93200033e-006	0	0.00275617	0	0	3
188	1115	0	2.19923675	293.200033	293.200033	293.200033	293.200033	1.18334356e-008	2.93200033e-006	0	0.00275389	0	0	3
189	1121	0	2.21093482	293.200033	293.200033	293.200033	293.200033	1.18334356e-008	2.93200033e-006	0	0.00274511	0	0	3
190	1126	0	2.22263288	293.200033	293.200033	293.200033	293.200033	1.18334356e-008	2.93200033e-006	0	0.00274244	0	0	3
191	1132	0	2.23433095	293.200033	293.200033	293.200033	293.200033	1.18334356e-008	2.93200033e-006	0	0.00273428	0	0	3
192	1138	0	2.24602902	293.200033	293.200033	293.200033	293.200033	1.18334356e-008	2.93200033e-006	0	0.00273294	0	0	3
193	1144	0	2.25772709	293.200033	293.200033	293.200033	293.200033	1.18334356e-008	2.93200033e-006	0	0.0027235	0	0	3
194	1149	0	2.26942515	293.200033	293.200033	293.200033	293.200033	1.18334356e-008	2.93200033e-006	0	0.00272087	0	0	3
195	1155	0	2.28112322	293.200033	293.200033	293.200033	293.200033	1.18334356e-008	2.93200033e-006	0	0.00271048	0	0	3
196	1160	0	2.29282129	293.200033	293.200033	293.200033	293.200033	1.18334356e-008	2.93200033e-006	0	0.00270816	0	0	3
197	1166	0	2.30451936	293.200033	293.200033	293.200033	293.200033	1.18334356e-008	2.93200033e-006	0	0.00269833	0	0	3
198	1172	0	2.31621743	293.200033	293.200033	293.200033	293.200033	1.18334356e-008	2.93200033e-006	0	0.00269588	0	0	3
199	1178	0	2.32791549	293.200033	293.200033	293.200033	293.200033	1.18334356e-008	2.93200033e-006	0	0.00268653	0	0	3
200	1183	0	2.33961356	293.200033	293.200033	293.200033	293.200033	1.18334356e-008	2.93200033e-006	0	0.0026845	0	0	3
201	1190	0	2.35131163	293.200033	293.200033	293.200033	293.200033	1.18334356e-008	2.93200033e-006	0	0.00267475	0	0	3
202	1196	0	2.3630097	293.200033	293.200033	293.200033	293.200033	1.18334356e-008	2.93200033e-006	0	0.00267258	0	0	3
203	1201	0	2.37470776	293.200033	293.200033	293.200033	293.200033	1.18334356e-008	2.93200033e-006	0	0.00266366	0	0	3
204	1207	0	2.38640583	293.200033	293.200033	293.200033	293.200033	1.18334356e-008	2.93200033e-006	0	0.00266166	0	0	3
205	1213	0	2.3981039	293.200033	293.200033	293.200033	293.200033	1.22653319e-008	2.93200033e-006	0	0.00265218	0	0	3
206	1218	0	2.40980197	293.200033	293.200033	293.200033	293.200033	1.29711566e-008	2.93200033e-006	0	0.00264934	0	0	3
207	1224	0	2.42150004	293.200033	293.200033	293.200033	293.200033	1.48278332e-008	2.93200033e-006	0	0.0026403	0	0	3
208	1230	0	2.4331981	293.200033	293.200033	293.200033	293.200033	1.6305421e-008	2.93200033e-006	0	0.00263832	0	0	3
209	1235	0	2.44489617	293.200033	293.200033	293.200033	293.200033	1.6983563e-008	2.93200033e-006	0	0.00262989	0	0	3
210	1241	0	2.45659424	293.200033	293.200033	293.200033	293.200033	1.55919793e-008	2.93200033e-006	0	0.00262858	0	0	3
211	1247	0	2.46829231	293.200033	293.200033	293.200033	293.200033	1.43649004e-008	2.93200033e-006	0	0.00261962	0	0	3
212	1252	0	2.47999038	293.200033	293.200033	293.200033	293.200033	1.31519187e-008	2.93200033e-006	0	0.00261681	0	0	3
213	1258	0	2.49168844	293.200033	293.200033	293.200033	293.200033	1.19677566e-008	2.93200033e-006	0	0.00260912	0	0	3
214	1263	0	2.50338651	293.200033	293.200033	293.200033	293.200033	1.07839355e-008	2.93200033e-006	0	0.00260906	0	0	3
215	1269	0	2.51508458	293.200033	293.200033	293.200033	293.200033	9.65269464e-009	2.93200033e-006	0	0.0025999	0	0	3
216	1275	0	2.52678265	293.200033	293.200033	293.200033	293.200033	8.52429594e-009	2.93200033e-006	0	0.00259685	0	0	3
217	1280	0	2.53848071	293.200033	293.200033	293.200033	293.200033	7.35707317e-009	2.93200033e-006	0	0.00258815	0	0	3
218	1286	0	2.55017878	293.200033	293.200033	293.200033	293.200033	6.23640517e-009	2.93200033e-006	0	0.00258646	0	0	3
219	1292	0	2.56187685	293.200033	293.200033	293.200033	293.200033	5.22618393e-009	2.93200033e-006	0	0.00257823	0	0	3
220	1297	0	2.57357492	293.200033	293.200033	293.200033	293.200033	5.29803401e-009	2.93200033e-006	0	0.00257582	0	0	3
221	1303	0	2.58527299	293.200033	293.200033	293.200033	293.200033	5.64477887e-009	2.93200033e-006	0	0.00256768	0	0	3
222	1309	0	2.59697105	293.200033	293.200033	293.200033	293.200033	5.89568572e-009	2.93200033e-006	0	0.00256532	0	0	3
223	1315	0	2.60866912	293.200033	293.200033	293.200033	293.200033	6.14653572e-009	2.93200033e-006	0	0.0025571	0	0	3
224	1320	0	2.62036719	293.200033	293.200033	293.200033	293.200033	6.29785291e-009	2.93200033e-006	0	0.00255405	0	0	3
225	1326	0	2.63206526	293.200033	293.200033	293.200033	293.200033	6.44428155e-009	2.93200033e-006	0	0.00254662	0	0	3
226	1332	0	2.64376332	293.200033	293.200033	293.200033	293.200033	6.48782361e-009	2.93200033e-006	0	0.00254461	0	0	3
227	1337	0	2.65546139	293.200033	293.200033	293.200033	293.200033	6.53471943e-009	2.93200033e-006	0	0.00253747	0	0	3
228	1343	0	2.66715946	293.200033	293.200033	293.200033	293.200033	6.55217036e-009	2.93200033e-006	0	0.00253438	0	0	3
229	1348	0	2.67885753	293.200033	293.200033	293.200033	293.200033	6.56837074e-009	2.93200033e-006	0	0.00252721	0	0	3
230	1354	0	2.6905556	293.200033	293.200033	293.200033	293.200033	6.56837074e-009	2.93200033e-006	0	0.00252492	0	0	3
231	1360	0	2.70225366	293.200033	293.200033	293.200033	293.200033	6.56837074e-009	2.93200033e-006	0	0.00251763	0	0	3
232	1366	0	2.71395173	293.200033	293.200033	293.200033	293.200033	6.56837074e-009	2.93200033e-006	0	0.00251507	0	0	3
233	1371	0	2.7256498	293.200033	293.200033	293.200033	293.200033	6.56837074e-009	2.93200033e-006	0	0.002508	0	0	3
234	1377	0	2.73734787	293.200033	293.200033	293.200033	293.200033	6.56837074e-009	2.93200033e-006	0	0.00250589	0	0	3
235	1382	0	2.74904593	293.200033	293.200033	293.200033	293.200033	6.56837074e-009	2.93200033e-006	0	0.00249852	0	0	3
236	1388	0	2.760744	293.200033	293.200033	293.200033	293.200033	6.56837074e-009	2.93200033e-006	0	0.00249546	0	0	3
237	1394	0	2.77244207	293.200033	293.200033	293.200033	293.200033	6.56837074e-009	2.93200033e-006	0	0.00248823	0	0	3
238	1399	0	2.78414014	293.200033	293.200033	293.200033	293.200033	6.56837074e-009	2.93200033e-006	0	0.00248565	0	0	3
239	1405	0	2.79583821	293.200033	293.200033	293.200033	293.200033	6.56837074e-009	2.93200033e-006	0	0.00247856	0	0	3
240	1410	0	2.80753627	293.200033	293.200033	293.200033	293.200033	6.56837074e-009	2.93200033e-006	0	0.00247587	0	0	3
241	1416	0	2.81923434	293.200033	293.200033	293.200033	293.200033	6.54739551e-009	2.93200033e-006	0	0.00246865	0	0	3
242	1422	0	2.83093241	293.200033	293.200033	293.200033	293.200033	6.90243951e-009	2.93200033e-006	0	0.00246643	0	0	3
243	1427	0	2.84263048	293.200033	293.200033	293.200033	293.200033	7.6574338e-009	2.93200033e-006	0	0.00245916	0	0	3
244	1433	0	2.85432855	293.200033	293.200033	293.200033	293.200033	8.43715497e-009	2.93200033e-006	0	0.00245638	0	0	3
245	1439	0	2.86602661	293.200033	293.200033	293.200033	293.200033	9.14536713e-009	2.93200033e-006	0	0.00244976	0	0	3
246	1444	0	2.87772468	293.200033	293.200033	293.200033	293.200033	9.8405053e-009	2.93200033e-006	0	0.00244769	0	0	3
247	1450	0	2.88942275	293.200033	293.200033	293.200033	293.200033	1.04982405e-008	2.93200033e-006	0	0.00244106	0	0	3
248	1456	0	2.90112082	293.200033	293.200033	293.200033	293.200033	1.11316467e-008	2.93200033e-006	0	0.00243903	0	0	3
249	1461	0	2.91281888	293.200033	293.200033	293.200033	293.200033	1.17348122e-008	2.93200033e-006	0	0.00243233	0	0	3
250	1467	0	2.92451695	293.200033	293.200033	293.200033	293.200033	1.2358953e-008	2.93200033e-006	0	0.00242989	0	0	3
251	1472	0	2.93621502	293.200033	293.200033	293.200033	293.200033	1.29405748e-008	2.93200033e-006	0	0.00242373	0	0	3
252	1478	0	2.94791309	293.200033	293.200033	293.200033	293.200033	1.35232767e-008	2.93200033e-006	0	0.0024214	0	0	3
253	1484	0	2.95961116	293.200033	293.200033	293.200033	293.200033	1.40700536e-008	2.93200033e-006	0	0.00241536	0	0	3
254	1489	0	2.97130922	293.200033	293.200033	293.200033	293.200033	1.46482648e-008	2.93200033e-006	0	0.00241334	0	0	3
255	1495	0	2.98300729	293.200033	293.200033	293.200033	293.200033	1.51758286e-008	2.93200033e-006	0	0.00240707	0	0	3
256	1500	0	2.99470536	293.200033	293.200033	293.200033	293.200033	1.57441491e-008	2.93200033e-006	0	0.00240482	0	0	3
257	1506	0	3.00640343	293.200033	293.200033	293.200033	293.200033	1.6153308e-008	2.93200033e-006	0	0.00239834	0	0	3
258	1512	0	3.01810149	293.200033	293.200033	293.200033	293.200033	1.65345568e-008	2.93200033e-006	0	0.00239643	0	0	3
259	1518	0	3.02979956	293.200033	293.200033	293.200033	293.200033	1.68029146e-008	2.93200033e-006	0	0.00239063	0	0	3
260	1523	0	3.04149763	293.200033	293.200033	293.200033	293.200033	1.70189765e-008	2.93200033e-006	0	0.00238828	0	0	3
261	1529	0	3.0531957	293.200033	293.200033	293.200033	293.200033	1.71199872e-008	2.93200033e-006	0	0.00238209	0	0	3
262	1534	0	3.06489377	293.200033	293.200033	293.200033	293.200033	1.71858687e-008	2.93200033e-006	0	0.00237972	0	0	3
263	1540	0	3.07659183	293.200033	293.200033	293.200033	293.200033	1.71858687e-008	2.93200033e-006	0	0.0023733	0	0	3
264	1546	0	3.0882899	293.200033	293.200033	293.200033	293.200033	1.71858687e-008	2.93200033e-006	0	0.00237051	0	0	3
265	1551	0	3.09998797	293.200033	293.200033	293.200033	293.200033	1.71858687e-008	2.93200033e-006	0	0.00236476	0	0	3
266	1557	0	3.11168604	293.200033	293.200033	293.200033	293.200033	1.71858687e-008	2.93200033e-006	0	0.00236248	0	0	3
267	1563	0	3.1233841	293.200033	293.200033	293.200033	293.200033	1.71858687e-008	2.93200033e-006	0	0.00235597	0	0	3
268	1568	0	3.13508217	293.200033	293.200033	293.200033	293.200033	1.71858687e-008	2.93200033e-006	0	0.00235262	0	0	3
269	1574	0	3.14678024	293.200033	293.200033	293.200033	293.200033	1.71858687e-008	2.93200033e-006	0	0.00234646	0	0	3
270	1580	0	3.15847831	293.200033	293.200033	293.200033	293.200033	1.71858687e-008	2.93200033e-006	0	0.00234451	0	0	3
271	1585	0	3.17017638	293.200033	293.200033	293.200033	293.200033	1.71858687e-008	2.93200033e-006	0	0.00233998	0	0	3
272	1591	0	3.18187444	293.200033	293.200033	293.200033	293.200033	1.70862222e-008	2.93200033e-006	0	0.00233907	0	0	3
273	1597	0	3.19357251	293.200033	293.200033	293.200033	293.200033	1.68957968e-008	2.93200033e-006	0	0.0023343	0	0	3
274	1602	0	3.20527058	293.200033	293.200033	293.200033	293.200033	1.65748588e-008	2.93200033e-006	0	0.0023322	0	0	3
275	1608	0	3.21696865	293.200033	293.200033	293.200033	293.200033	1.62343099e-008	2.93200033e-006	0	0.00232685	0	0	3
276	1614	0	3.22866671	293.200033	293.200033	293.200033	293.200033	1.57410796e-008	2.93200033e-006	0	0.00232378	0	0	3
277	1620	0	3.24036478	293.200033	293.200033	293.200033	293.200033	1.51864583e-008	2.93200033e-006	0	0.0023177	0	0	3
278	1625	0	3.25206285	293.200033	293.200033	293.200033	293.200033	1.45660124e-008	2.93200033e-006	0	0.00231572	0	0	3
279	1631	0	3.26376092	293.200033	293.200033	293.200033	293.200033	1.39563099e-008	2.93200033e-006	0	0.00231028	0	0	3
280	1636	0	3.27545899	293.200033	293.200033	293.200033	293.200033	1.32495757e-008	2.93200033e-006	0	0.00230814	0	0	3
281	1643	0	3.28715705	293.200033	293.200033	293.200033	293.200033	1.25370434e-008	2.93200033e-006	0	0.00230357	0	0	3
282	1649	0	3.29885512	293.200033	293.200033	293.200033	293.200033	1.18014896e-008	2.93200033e-006	0	0.00230109	0	0	3
283	1655	0	3.31055319	293.200033	293.200033	293.200033	293.200033	1.10682095e-008	2.93200033e-006	0	0.00229559	0	0	3
284	1660	0	3.32225126	293.200033	293.200033	293.200033	293.200033	1.02834292e-008	2.93200033e-006	0	0.00229417	0	0	3
285	1666	0	3.33394933	293.200033	293.200033	293.200033	293.200033	9.89632554e-009	2.93200033e-006	0	0.00229039	0	0	3
286	1672	0	3.34564739	293.200033	293.200033	293.200033	293.200033	1.05693516e-008	2.93200033e-006	0	0.00228783	0	0	3
287	1677	0	3.35734546	293.200033	293.200033	293.200033	293.200033	1.12489715e-008	2.93200033e-006	0	0.00228224	0	0	3
288	1683	0	3.36904353	293.200033	293.200033	293.200033	293.200033	1.18018875e-008	2.93200033e-006	0	0.00228024	0	0	3
289	1689	0	3.3807416	293.200033	293.200033	293.200033	293.200033	1.23380914e-008	2.93200033e-006	0	0.00227455	0	0	3
290	1694	0	3.39243966	293.200033	293.200033	293.200033	293.200033	1.2780049e-008	2.93200033e-006	0	0.0022722	0	0	3
291	1700	0	3.40413773	293.200033	293.200033	293.200033	293.200033	1.31970523e-008	2.93200033e-006	0	0.00226667	0	0	3
292	1706	0	3.4158358	293.200033	293.200033	293.200033	293.200033	1.35733558e-008	2.93200033e-006	0	0.00226481	0	0	3
293	1711	0	3.42753387	293.200033	293.200033	293.200033	293.200033	1.39531835e-008	2.93200033e-006	0	0.00226067	0	0	3
294	1717	0	3.43923194	293.200033	293.200033	293.200033	293.200033	1.4285888e-008	2.93200033e-006	0	0.00225847	0	0	3
295	1723	0	3.45093	293.200033	293.200033	293.200033	293.200033	1.46368961e-008	2.93200033e-006	0	0.00225383	0	0	3
296	1729	0	3.46262807	293.200033	293.200033	293.200033	293.200033	1.49815946e-008	2.93200033e-006	0	0.00225119	0	0	3
297	1734	0	3.47432614	293.200033	293.200033	293.200033	293.200033	1.53449946e-008	2.93200033e-006	0	0.00224628	0	0	3
298	1740	0	3.48602421	293.200033	293.200033	293.200033	293.200033	1.56601345e-008	2.93200033e-006	0	0.00224387	0	0	3
299	1746	0	3.49772227	293.200033	293.200033	293.200033	293.200033	1.59994329e-008	2.93200033e-006	0	0.00223899	0	0	3
300	1751	0	3.50942034	293.200033	293.200033	293.200033	293.200033	1.6245508e-008	2.93200033e-006	0	0.00223667	0	0	3
301	1758	0	3.52111841	293.200033	293.200033	293.200033	293.200033	1.6470949e-008	2.93200033e-006	0	0.00223166	0	0	3
302	1764	0	3.53281648	293.200033	293.200033	293.200033	293.200033	1.66037921e-008	2.93200033e-006	0	0.0022296	0	0	3
303	1770	0	3.54451455	293.200033	293.200033	293.200033	293.200033	1.67764824e-008	2.93200033e-006	0	0.00222444	0	0	3
304	1775	0	3.55621261	293.200033	293.200033	293.200033	293.200033	1.6850322e-008	2.93200033e-006	0	0.00222276	0	0	3
305	1781	0	3.56791068	293.200033	293.200033	293.200033	293.200033	1.68835754e-008	2.93200033e-006	0	0.00221798	0	0	3
306	1787	0	3.57960875	293.200033	293.200033	293.200033	293.200033	1.68077463e-008	2.93200033e-006	0	0.00221688	0	0	3
307	1793	0	3.59130682	293.200033	293.200033	293.200033	293.200033	1.67007101e-008	2.93200033e-006	0	0.00221121	0	0	3
308	1798	0	3.60300488	293.200033	293.200033	293.200033	293.200033	1.65999268e-008	2.93200033e-006	0	0.00221075	0	0	3
309	1804	0	3.61470295	293.200033	293.200033	293.200033	293.200033	1.65363758e-008	2.93200033e-006	0	0.00220524	0	0	3
310	1810	0	3.62640102	293.200033	293.200033	293.200033	293.200033	1.65468919e-008	2.93200033e-006	0	0.0022043	0	0	3
311	1815	0	3.63809909	293.200033	293.200033	293.200033	293.200033	1.65749725e-008	2.93200033e-006	0	0.0021986	0	0	3
312	1821	0	3.64979716	293.200033	293.200033	293.200033	293.200033	1.66356813e-008	2.93200033e-006	0	0.00219699	0	0	3
313	1827	0	3.66149522	293.200033	293.200033	293.200033	293.200033	1.67631811e-008	2.93200033e-006	0	0.00219201	0	0	3
314	1832	0	3.67319329	293.200033	293.200033	293.200033	293.200033	1.68965926e-008	2.93200033e-006	0	0.0021906	0	0	3
315	1838	0	3.68489136	293.200033	293.200033	293.200033	293.200033	1.70401222e-008	2.93200033e-006	0	0.00218562	0	0	3
316	1844	0	3.69658943	293.200033	293.200033	293.200033	293.200033	1.7118964e-008	2.93200033e-006	0	0.0021847	0	0	3
317	1849	0	3.7082875	293.200033	293.200033	293.200033	293.200033	1.71202714e-008	2.93200033e-006	0	0.00217992	0	0	3
318	1855	0	3.71998556	293.200033	293.200033	293.200033	293.200033	1.70693397e-008	2.93200033e-006	0	0.00217855	0	0	3
319	1861	0	3.73168363	293.200033	293.200033	293.200033	293.200033	1.68254815e-008	2.93200033e-006	0	0.00217443	0	0	3
320	1866	0	3.7433817	293.200033	293.200033	293.200033	293.200033	1.65105689e-008	2.93200033e-006	0	0.00217453	0	0	3
321	1872	0	3.75507977	293.200033	293.200033	293.200033	293.200033	1.60539457e-008	2.93200033e-006	0	0.00216919	0	0	3
322	1878	0	3.76677783	293.200033	293.200033	293.200033	293.200033	1.54667532e-008	2.93200033e-006	0	0.00216921	0	0	3
323	1883	0	3.7784759	293.200033	293.200033	293.200033	293.200033	1.47038577e-008	2.93200033e-006	0	0.00216308	0	0	3
324	1889	0	3.79017397	293.200033	293.200033	293.200033	293.200033	1.39036729e-008	2.93200033e-006	0	0.00216203	0	0	3
325	1895	0	3.80187204	293.200033	293.200033	293.200033	293.200033	1.3097349e-008	2.93200033e-006	0	0.00215586	0	0	3
326	1901	0	3.81357011	293.200033	293.200033	293.200033	293.200033	1.23059181e-008	2.93200033e-006	0	0.00215477	0	0	3
327	1906	0	3.82526817	293.200033	293.200033	293.200033	293.200033	1.15337002e-008	2.93200033e-006	0	0.00215107	0	0	3
328	1912	0	3.83696624	293.200033	293.200033	293.200033	293.200033	1.08606741e-008	2.93200033e-006	0	0.00214835	0	0	3
329	1918	0	3.84866431	293.200033	293.200033	293.200033	293.200033	1.01810542e-008	2.93200033e-006	0	0.00214341	0	0	3
330	1923	0	3.86036238	293.200033	293.200033	293.200033	293.200033	9.62813829e-009	2.93200033e-006	0	0.00214042	0	0	3
331	1929	0	3.87206044	293.200033	293.200033	293.200033	293.200033	9.09193432e-009	2.93200033e-006	0	0.00213489	0	0	3
332	1935	0	3.88375851	293.200033	293.200033	293.200033	293.200033	8.64997673e-009	2.93200033e-006	0	0.00213163	0	0	3
333	1940	0	3.89545658	293.200033	293.200033	293.200033	293.200033	8.23297341e-009	2.93200033e-006	0	0.0021275	0	0	3
334	1946	0	3.90715465	293.200033	293.200033	293.200033	293.200033	7.85666998e-009	2.93200033e-006	0	0.00212605	0	0	3
335	1952	0	3.91885272	293.200033	293.200033	293.200033	293.200033	7.47684226e-009	2.93200033e-006	0	0.0021233	0	0	3
336	1958	0	3.93055078	293.200033	293.200033	293.200033	293.200033	7.14413773e-009	2.93200033e-006	0	0.0021203	0	0	3
337	1963	0	3.94224885	293.200033	293.200033	293.200033	293.200033	6.79312961e-009	2.93200033e-006	0	0.00211655	0	0	3
338	1969	0	3.95394692	293.200033	293.200033	293.200033	293.200033	6.44843112e-009	2.93200033e-006	0	0.00211498	0	0	3
339	1975	0	3.96564499	293.200033	293.200033	293.200033	293.200033	6.08503115e-009	2.93200033e-006	0	0.00211254	0	0	3
340	1981	0	3.97734305	293.200033	293.200033	293.200033	293.200033	5.76989123e-009	2.93200033e-006	0	0.00211125	0	0	3
341	1986	0	3.98904112	293.200033	293.200033	293.200033	293.200033	5.43059286e-009	2.93200033e-006	0	0.00210799	0	0	3
342	1992	0	4.00073919	293.200033	293.200033	293.200033	293.200033	5.1845177e-009	2.93200033e-006	0	0.00210766	0	0	3
