Iteration	CPUTime	PhysTime	Travels	Value	AvValue	MinValue	MaxValue	Delta	Criteria	Progress	dGMaxMin	CriteriaType	CriteriaVarType	CriteriaPercentage
1	21	0	0.0116980678	-1.50312032	-1.50312032	-1.50312032	-1.50312032	0	0	0	0	0	0	3
2	27	0	0.0233961356	-0.998036839	-1.25057858	-1.50312032	-0.998036839	0.25254174	0	0	0	0	0	3
3	36	0	0.0350942034	-0.428010538	-0.976389232	-1.50312032	-0.428010538	0.526731086	0	0	0	0	0	3
4	47	0	0.0467922712	-0.301037855	-0.807551388	-1.50312032	-0.301037855	0.69556893	0	0	0	0	0	3
5	58	0	0.058490339	-0.148368346	-0.675714779	-1.50312032	-0.148368346	0.827405539	0	0	0	0	0	3
6	64	0	0.0701884068	-0.0861379189	-0.577451969	-1.50312032	-0.0861379189	0.925668349	0	0	0	0	0	3
7	71	0	0.0818864747	-0.0145910977	-0.497043273	-1.50312032	-0.0145910977	1.00607704	0	0	0	0	0	3
8	77	0	0.0935845425	-0.0195326651	-0.437354447	-1.50312032	-0.0145910977	1.06576587	0	0	0	0	0	3
9	82	0	0.10528261	0.0596178992	-0.382135298	-1.50312032	0.0596178992	1.12098502	0	0	0	0	0	3
10	88	0	0.116980678	0.0122652733	-0.342695241	-1.50312032	0.0596178992	1.16042508	0	0	0	0	0	3
11	93	0	0.128678746	0.00259815321	-0.311304932	-1.50312032	0.0596178992	1.19181539	0	0	0	0	0	3
12	99	0	0.140376814	-0.0410508012	-0.288783754	-1.50312032	0.0596178992	1.21433656	0	0	0	0	0	3
13	105	0	0.152074882	-0.0155078112	-0.267762528	-1.50312032	0.0596178992	1.23535779	0	0	0	0	0	3
14	111	0	0.163772949	-0.0762444301	-0.254082664	-1.50312032	0.0596178992	1.24903765	0	0	0	0	0	3
15	116	0	0.175471017	-0.0563801063	-0.240902493	-1.50312032	0.0596178992	1.26221782	0	0	0	0	0	3
16	122	0	0.187169085	-0.0649039566	-0.229902585	-1.50312032	0.0596178992	1.27321773	0	0	0	0	0	3
17	127	0	0.198867153	-0.078970606	-0.221024233	-1.50312032	0.0596178992	1.28209608	0	0	0	0	0	3
18	133	0	0.210565221	-0.0697830844	-0.212621947	-1.50312032	0.0596178992	1.29049837	0	0	0	0	0	3
19	138	0	0.222263288	-0.088700221	-0.206099751	-1.50312032	0.0596178992	1.29702057	0	0	0	0	0	3
20	144	0	0.233961356	-0.0469144239	-0.198140485	-1.50312032	0.0596178992	1.30497983	0	0	0	0	0	3
21	149	0	0.245659424	-0.0546483684	-0.191307527	-1.50312032	0.0596178992	1.31181279	0	0	0	0	0	3
22	155	0	0.257357492	-0.00275292027	-0.182736863	-1.50312032	0.0596178992	1.32038346	0	0	0	0	0	3
23	161	0	0.26905556	0.00394088278	-0.174620439	-1.50312032	0.0596178992	1.32849988	0	0	0	0	0	3
24	166	0	0.280753627	0.0593522755	-0.164871576	-1.50312032	0.0596178992	1.33824874	0	0	0	0	0	3
25	172	0	0.292451695	0.0786496738	-0.155130726	-1.50312032	0.0786496738	1.34798959	0	0	0	0	0	3
26	177	0	0.304149763	0.133476982	-0.14403043	-1.50312032	0.133476982	1.35908989	0	0	0	0	0	3
27	183	0	0.315847831	0.164017561	-0.132621245	-1.50312032	0.164017561	1.37049907	0	0	0	0	0	3
28	188	0	0.327545899	0.192317811	-0.121016278	-1.50312032	0.192317811	1.38210404	0	0	0	0	0	3
29	194	0	0.339243966	0.205216047	-0.109766888	-1.50312032	0.205216047	1.39335343	0	0	0	0	0	3
30	199	0	0.350942034	0.224397164	-0.0986280862	-1.50312032	0.224397164	1.40449223	0	0	0	0	0	3
31	205	0	0.362640102	0.221683114	-0.0882954668	-1.50312032	0.224397164	1.41482485	0	0	0	0	0	3
32	211	0	0.37433817	0.217006254	-0.078754788	-1.50312032	0.224397164	1.42436553	0	0	0	0	0	3
33	216	0	0.386036238	0.201833059	-0.070252126	-1.50312032	0.224397164	1.43286819	0	0	0	0	0	3
34	222	0	0.397734305	0.197919584	-0.0623647228	-1.50312032	0.224397164	1.4407556	0	0	0	0	0	3
35	228	0	0.409432373	0.182680323	-0.0553634357	-1.50312032	0.224397164	1.44775688	0	0	0	0	0	3
36	233	0	0.421130441	0.185128362	-0.048683108	-1.50312032	0.224397164	1.45443721	0	0	0	0	0	3
37	239	0	0.432828509	0.176479252	-0.0425976388	-1.50312032	0.224397164	1.46052268	0	0	0	0	0	3
38	244	0	0.444526577	0.163022385	-0.0371865856	-1.50312032	0.224397164	1.46593373	0	0	0	0	0	3
39	250	0	0.456224645	0.168322839	-0.0319171131	-1.50312032	0.224397164	1.4712032	0	0	0	0	0	3
40	256	0	0.467922712	0.154901885	-0.0272466382	-1.50312032	0.224397164	1.47587368	0	0	0	0	0	3
41	262	0	0.47962078	0.146433668	-0.0230105332	-1.50312032	0.224397164	1.48010978	0	0	0	0	0	3
42	267	0	0.491318848	0.133678601	-0.0192798395	-1.50312032	0.224397164	1.48384048	0	0	0	0	0	3
43	273	0	0.503016916	0.123986862	-0.0159480558	-1.50312032	0.224397164	1.48717226	0	0	0	0	0	3
44	279	0	0.514714984	0.116452614	0.021716431	-0.998036839	0.224397164	1.222434	0	0	0	0	0	3
45	284	0	0.526413051	0.102856795	0.0473186086	-0.428010538	0.224397164	0.652407702	0	0	0	0	0	3
46	290	0	0.538111119	0.0972799801	0.0595346671	-0.301037855	0.224397164	0.525435019	0	0	0	0	0	3
47	296	0	0.549809187	0.0887211862	0.0685988309	-0.148368346	0.224397164	0.37276551	0	0	0	0	0	3
48	301	0	0.561507255	0.0824564875	0.0739668503	-0.088700221	0.224397164	0.313097385	0	0	0	0	0	3
49	307	0	0.573205323	0.0747754417	0.0777090215	-0.088700221	0.224397164	0.313097385	0	0	0	0	0	3
50	313	0	0.58490339	0.0695646758	0.0796661325	-0.088700221	0.224397164	0.313097385	0	0	0	0	0	3
51	318	0	0.596601458	0.0614071138	0.0815484529	-0.088700221	0.224397164	0.313097385	0	0	0	0	0	3
52	324	0	0.608299526	0.0607691482	0.0815752261	-0.088700221	0.224397164	0.313097385	0	0	0	0	0	3
53	330	0	0.619997594	0.05182506	0.0824952212	-0.088700221	0.224397164	0.313097385	0	0	0	0	0	3
54	336	0	0.631695662	0.0507712235	0.0836155251	-0.088700221	0.224397164	0.313097385	0	0	0	0	0	3
55	341	0	0.643393729	0.0467922834	0.0856583876	-0.088700221	0.224397164	0.313097385	0	0	0	0	0	3
56	347	0	0.655091797	0.0446314848	0.0870569759	-0.088700221	0.224397164	0.313097385	0	0	0	0	0	3
57	353	0	0.666789865	0.0381647072	0.0897176535	-0.088700221	0.224397164	0.313097385	0	0	0	0	0	3
58	358	0	0.678487933	0.0355692101	0.0918560097	-0.088700221	0.224397164	0.313097385	0	0	0	0	0	3
59	364	0	0.690186001	0.0350565247	0.094180672	-0.088700221	0.224397164	0.313097385	0	0	0	0	0	3
60	370	0	0.701884068	0.0318496245	0.0967578867	-0.088700221	0.224397164	0.309379834	0	0	0	0	0	3
61	375	0	0.713582136	0.0328850281	0.0991455172	-0.088700221	0.224397164	0.305245268	0	0	0	0	0	3
62	381	0	0.725280204	0.0328749175	0.101972846	-0.0546483684	0.224397164	0.279045532	0	0	0	0	0	3
63	386	0	0.736978272	0.0310870703	0.103786834	-0.0546483684	0.224397164	0.279045532	0	0	0	0	0	3
64	392	0	0.74867634	0.0287108179	0.10572542	-0.00275292027	0.224397164	0.227150084	0	0	0	0	0	3
65	397	0	0.760374408	0.0285116491	0.106452503	0.00394088278	0.224397164	0.220456281	0	0	0	0	0	3
66	403	0	0.772072475	0.0258284361	0.106961516	0.0258284361	0.224397164	0.198568728	0	0	0	0	0	3
67	408	0	0.783770543	0.0249616919	0.106161735	0.0249616919	0.224397164	0.199435472	0	0	0	0	0	3
68	414	0	0.795468611	0.0196638845	0.104789972	0.0196638845	0.224397164	0.204733279	0	0	0	0	0	3
69	419	0	0.807166679	0.017676509	0.102096938	0.017676509	0.224397164	0.206720655	0	0	0	0	0	3
70	425	0	0.818864747	0.0121279161	0.0985646207	0.0121279161	0.224397164	0.212269248	0	0	0	0	0	3
71	431	0	0.830562814	0.0102006831	0.0943293387	0.0102006831	0.224397164	0.214196481	0	0	0	0	0	3
72	436	0	0.842260882	0.00457531844	0.0896632752	0.00457531844	0.224397164	0.205589602	0	0	0	0	0	3
73	442	0	0.85395895	0.00433760244	0.084545611	0.00433760244	0.221683114	0.195256983	0	0	0	0	0	3
74	447	0	0.865657018	-0.00256056498	0.0793306417	-0.00256056498	0.217006254	0.185716304	0	0	0	0	0	3
75	453	0	0.877355086	-0.00350233003	0.0742025351	-0.00350233003	0.201833059	0.177213642	0	0	0	0	0	3
76	458	0	0.889053153	-0.00877994247	0.0693045583	-0.00877994247	0.197919584	0.169326239	0	0	0	0	0	3
77	464	0	0.900751221	-0.00829475027	0.0645088761	-0.00877994247	0.185128362	0.162324952	0	0	0	0	0	3
78	470	0	0.912449289	-0.0129116059	0.0599602266	-0.0129116059	0.185128362	0.155644624	0	0	0	0	0	3
79	475	0	0.924147357	-0.0124118157	0.055366269	-0.0129116059	0.176479252	0.149559155	0	0	0	0	0	3
80	481	0	0.935845425	-0.0181672077	0.0508396071	-0.0181672077	0.168322839	0.144148101	0	0	0	0	0	3
81	487	0	0.947543492	-0.017729663	0.0466360711	-0.0181672077	0.168322839	0.138878629	0	0	0	0	0	3
82	492	0	0.95924156	-0.0234324694	0.0421766454	-0.0234324694	0.154901885	0.134208154	0	0	0	0	0	3
83	498	0	0.970939628	-0.0252187282	0.0379877939	-0.0252187282	0.146433668	0.129972049	0	0	0	0	0	3
84	504	0	0.982637696	-0.0252746371	0.0339945775	-0.0252746371	0.133678601	0.126241355	0	0	0	0	0	3
85	509	0	0.994335764	-0.023156636	0.0303472464	-0.0252746371	0.123986862	0.122909572	0	0	0	0	0	3
86	515	0	1.00603383	-0.0225159973	0.0269402032	-0.0252746371	0.116452614	0.0852450848	0.0195722311	22.9	0	0	0	3
87	520	0	1.0177319	-0.0185868653	0.0237997502	-0.0252746371	0.102856795	0.0831617657	0.0195722311	23.5	0	0	0	3
88	526	0	1.02942997	-0.0161690905	0.0210317063	-0.0252746371	0.0972799801	0.0859298095	0.0195722311	22.7	0	0	0	3
89	532	0	1.04112803	-0.0109744432	0.0185141616	-0.0252746371	0.0887211862	0.0884473542	0.0195722311	22.1	0	0	0	3
90	537	0	1.0528261	-0.00877175373	0.0162468839	-0.0252746371	0.0824564875	0.0907146319	0.0195722311	21.5	0	0	0	3
91	543	0	1.06452417	-0.00356574131	0.014246367	-0.0252746371	0.0747754417	0.0927151489	0.0195722311	21.1	0	0	0	3
92	549	0	1.07622224	-1.61603501e-005	0.0125070274	-0.0252746371	0.0695646758	0.0944544884	0.0195722311	20.7	0	0	0	3
93	554	0	1.08792031	0.00229014274	0.0109425034	-0.0252746371	0.0614071138	0.0866817509	0.0195722311	22.5	0	0	0	3
94	560	0	1.09961837	0.00444543615	0.0096178132	-0.0252746371	0.0607691482	0.0860437853	0.0195722311	22.7	0	0	0	3
95	565	0	1.11131644	0.00469304207	0.0083137177	-0.0252746371	0.05182506	0.077099697	0.0195722311	25.3	0	0	0	3
96	571	0	1.12301451	0.00694471652	0.00726998879	-0.0252746371	0.0507712235	0.0760458605	0.0195722311	25.7	0	0	0	3
97	577	0	1.13471258	0.00991988759	0.00631995772	-0.0252746371	0.0467922834	0.0720669204	0.0195722311	27.1	0	0	0	3
98	582	0	1.14641065	0.0122802527	0.00551735235	-0.0252746371	0.0446314848	0.0699061219	0.0195722311	27.9	0	0	0	3
99	588	0	1.15810871	0.011977662	0.00475796112	-0.0252746371	0.0381647072	0.0634393443	0.0195722311	30.8	0	0	0	3
100	594	0	1.16980678	0.0124682544	0.0041603692	-0.0252746371	0.0355692101	0.0608438472	0.0195722311	32.1	0	0	0	3
101	601	0	1.18150485	0.0154531147	0.00369255303	-0.0252746371	0.0350565247	0.0603311618	0.0195722311	32.4	0	0	0	3
102	606	0	1.19320292	0.0143739669	0.00321156331	-0.0252746371	0.0328850281	0.0581596652	0.0195722311	33.6	0	0	0	3
103	612	0	1.20490098	0.0156834075	0.00283560477	-0.0252746371	0.0328850281	0.0581596652	0.0195722311	33.6	0	0	0	3
104	618	0	1.21659905	0.0186806882	0.00250527129	-0.0252746371	0.0328749175	0.0581495546	0.0195722311	33.6	0	0	0	3
105	624	0	1.22829712	0.0182613183	0.00216542014	-0.0252746371	0.0310870703	0.0563617073	0.0195722311	34.7	0	0	0	3
106	629	0	1.23999519	0.0195483639	0.00189707814	-0.0252746371	0.0287108179	0.053985455	0.0195722311	36.2	0	0	0	3
107	635	0	1.25169326	0.0206878392	0.00171049724	-0.0252746371	0.0285116491	0.0537862861	0.0195722311	36.3	0	0	0	3
108	640	0	1.26339132	0.0211561594	0.00153943934	-0.0252746371	0.0258284361	0.0511030732	0.0195722311	38.2	0	0	0	3
109	646	0	1.27508939	0.0222045004	0.00145516176	-0.0252746371	0.0249616919	0.050236329	0.0195722311	38.9	0	0	0	3
110	652	0	1.28678746	0.0253310307	0.00146375103	-0.0252746371	0.0253310307	0.0506056678	0.0195722311	38.6	0	0	0	3
111	657	0	1.29848553	0.0253926397	0.0015969779	-0.0252746371	0.0253926397	0.0506672768	0.0195722311	38.6	0	0	0	3
112	663	0	1.31018359	0.024058726	0.00174540155	-0.0252746371	0.0253926397	0.0506672768	0.0195722311	38.6	0	0	0	3
113	669	0	1.32188166	0.024665661	0.00203697701	-0.0252746371	0.0253926397	0.0506672768	0.0195722311	38.6	0	0	0	3
114	675	0	1.33357973	0.0246030369	0.00237191547	-0.0252746371	0.0253926397	0.0506672768	0.0195722311	38.6	0	0	0	3
115	680	0	1.3452778	0.0253315303	0.00285461808	-0.0252746371	0.0253926397	0.0506672768	0.0195722311	38.6	0	0	0	3
116	686	0	1.35697587	0.0275293824	0.0033939618	-0.0252746371	0.0275293824	0.0528040195	0.0195722311	37	0	0	0	3
117	692	0	1.36867393	0.025514697	0.00404687486	-0.0252746371	0.0275293824	0.0528040195	0.0195722311	37	0	0	0	3
118	697	0	1.380372	0.027713477	0.00477282386	-0.0252746371	0.027713477	0.052988114	0.0195722311	36.9	0	0	0	3
119	703	0	1.39207007	0.0273688214	0.00561349279	-0.0252746371	0.027713477	0.052988114	0.0195722311	36.9	0	0	0	3
120	708	0	1.40376814	0.0287305618	0.00647454656	-0.0252746371	0.0287305618	0.0540051988	0.0195722311	36.2	0	0	0	3
121	714	0	1.4154662	0.0287900188	0.00744435179	-0.0252746371	0.0287900188	0.0539111072	0.0195722311	36.3	0	0	0	3
122	720	0	1.42716427	0.0284841324	0.00839542035	-0.0252746371	0.0287900188	0.0493844454	0.0195722311	39.6	0	0	0	3
123	725	0	1.43886234	0.0295157791	0.00950432702	-0.0252746371	0.0295157791	0.0451809094	0.0195722311	43.3	0	0	0	3
124	731	0	1.45056041	0.0311709393	0.0106415503	-0.0252746371	0.0311709393	0.0407214836	0.0195722311	48	0	0	0	3
125	736	0	1.46225848	0.0305512296	0.0118969852	-0.0252746371	0.0311709393	0.0365326321	0.0195722311	53.5	0	0	0	3
126	742	0	1.47395654	0.0322518318	0.0132335098	-0.0252746371	0.0322518318	0.0325394157	0.0195722311	60.1	0	0	0	3
127	747	0	1.48565461	0.0314277199	0.0145521693	-0.023156636	0.0322518318	0.0288920847	0.0195722311	67.7	0	0	0	3
128	753	0	1.49735268	0.0310737941	0.0158133421	-0.0225159973	0.0322518318	0.0254850414	0.0195722311	76.7	0	0	0	3
129	758	0	1.50905075	0.0299939193	0.0170345029	-0.0185868653	0.0322518318	0.0223445884	0.0195722311	87.5	0	0	0	3
130	764	0	1.52074882	0.0306458221	0.0181794492	-0.0161690905	0.0322518318	0.0195765446	0.0195722311	99.9	0	0	0	3
131	769	0	1.53244688	0.0294474472	0.0192402989	-0.0109744432	0.0322518318	0.0177851371	0.0195722311	100	0	0	0	3
132	775	0	1.54414495	0.0280328609	0.0201474455	-0.00877175373	0.0322518318	0.0186922837	0.0195722311	100	0	0	0	3
133	781	0	1.55584302	0.0292370776	0.0210313718	-0.00356574131	0.0322518318	0.01957621	0.0195722311	99.9	0	0	0	3
134	786	0	1.56754109	0.0279578922	0.0217644796	-1.61603501e-005	0.0322518318	0.0203093178	0.0195722311	96.3	0	0	0	3
135	792	0	1.57923915	0.0283218896	0.022423504	0.00229014274	0.0322518318	0.0209683422	0.0195722311	93.3	0	0	0	3
136	797	0	1.59093722	0.0310477953	0.0230922866	0.00444543615	0.0322518318	0.0216371248	0.0195722311	90.4	0	0	0	3
137	802	0	1.60263529	0.0301705055	0.023690544	0.00469304207	0.0322518318	0.0222353823	0.0195722311	88	0	0	0	3
138	808	0	1.61433336	0.0318376262	0.0243218134	0.00694471652	0.0322518318	0.0228666517	0.0195722311	85.5	0	0	0	3
139	814	0	1.62603143	0.0321530839	0.0249080545	0.00991988759	0.0322518318	0.0223319442	0.0195722311	87.6	0	0	0	3
140	819	0	1.63772949	0.0345517139	0.0254808877	0.011977662	0.0345517139	0.0225740519	0.0195722311	86.7	0	0	0	3
141	824	0	1.64942756	0.033704694	0.0259791305	0.011977662	0.0345517139	0.0225740519	0.0195722311	86.7	0	0	0	3
142	830	0	1.66112563	0.0351749529	0.0265186024	0.0124682544	0.0351749529	0.0227066985	0.0195722311	86.1	0	0	0	3
143	835	0	1.6728237	0.034344829	0.0270273599	0.0143739669	0.0351749529	0.020800986	0.0195722311	94	0	0	0	3
144	841	0	1.68452176	0.0377915802	0.0275468591	0.0143739669	0.0377915802	0.0234176134	0.0195722311	83.5	0	0	0	3
145	847	0	1.69621983	0.0361934687	0.0280542894	0.0156834075	0.0377915802	0.0221081727	0.0195722311	88.5	0	0	0	3
146	852	0	1.7079179	0.0397139758	0.0286131398	0.0182613183	0.0397139758	0.0214526575	0.0195722311	91.2	0	0	0	3
147	858	0	1.71961597	0.0364185389	0.029025648	0.0182613183	0.0397139758	0.0214526575	0.0195722311	91.2	0	0	0	3
148	863	0	1.73131404	0.0387011714	0.0295009934	0.0195483639	0.0397139758	0.0201656118	0.0195722311	97	0	0	0	3
149	868	0	1.7430121	0.0360751212	0.0298853366	0.0206878392	0.0397139758	0.0190261365	0.0195722311	100	0	0	0	3
150	874	0	1.75471017	0.0400695009	0.0303360729	0.0211561594	0.0400695009	0.0189133415	0.0195722311	100	0	0	0	3
151	880	0	1.76640824	0.037103256	0.0307069356	0.0222045004	0.0400695009	0.0178650006	0.0195722311	100	0	0	0	3
152	885	0	1.77810631	0.0403173912	0.0311281657	0.024058726	0.0403173912	0.0162586652	0.0195722311	100	0	0	0	3
153	891	0	1.78980437	0.0393090428	0.0314532357	0.024058726	0.0403173912	0.0162586652	0.0195722311	100	0	0	0	3
154	896	0	1.80150244	0.0417016249	0.0318325144	0.024058726	0.0417016249	0.0176428989	0.0195722311	100	0	0	0	3
155	902	0	1.81320051	0.0393104865	0.0321872065	0.0246030369	0.0417016249	0.017098588	0.0195722311	100	0	0	0	3
156	907	0	1.82489858	0.041477207	0.0325781727	0.0246030369	0.0417016249	0.017098588	0.0195722311	100	0	0	0	3
157	913	0	1.83659665	0.0400678155	0.0329378187	0.0253315303	0.0417016249	0.0163700946	0.0195722311	100	0	0	0	3
158	918	0	1.84829471	0.0426891341	0.0333414839	0.025514697	0.0426891341	0.0171744371	0.0195722311	100	0	0	0	3
159	924	0	1.85999278	0.040287429	0.0336381827	0.025514697	0.0426891341	0.0171744371	0.0195722311	100	0	0	0	3
160	930	0	1.87169085	0.0434512837	0.0340553126	0.0273688214	0.0434512837	0.0160824623	0.0195722311	100	0	0	0	3
161	935	0	1.88338892	0.0422470777	0.0343933033	0.0273688214	0.0434512837	0.0160824623	0.0195722311	100	0	0	0	3
162	941	0	1.89508698	0.0466654574	0.0348420623	0.0279578922	0.0466654574	0.0187075652	0.0195722311	100	0	0	0	3
163	946	0	1.90678505	0.0432012885	0.0351785908	0.0279578922	0.0466654574	0.0187075652	0.0195722311	100	0	0	0	3
164	952	0	1.91848312	0.0464128212	0.0355884234	0.0279578922	0.0466654574	0.0187075652	0.0195722311	100	0	0	0	3
165	957	0	1.93018119	0.0447256396	0.0359661329	0.0279578922	0.0466654574	0.0187075652	0.0195722311	100	0	0	0	3
166	963	0	1.94187926	0.0471500426	0.0363762321	0.0279578922	0.0471500426	0.0191921504	0.0195722311	100	0	0	0	3
167	969	0	1.95357732	0.0451136395	0.0367004809	0.0279578922	0.0471500426	0.0191921504	0.0195722311	100	0	0	0	3
168	974	0	1.96527539	0.0467803873	0.0370779032	0.0279578922	0.0471500426	0.0191921504	0.0195722311	100	0	0	0	3
169	980	0	1.97697346	0.0456208208	0.0373888099	0.0279578922	0.0471500426	0.0191921504	0.0195722311	100	0	0	0	3
170	985	0	1.98867153	0.0491895944	0.0378018768	0.0279578922	0.0491895944	0.0212317022	0.0195722311	92.1	0	0	0	3
171	991	0	2.0003696	0.0468126039	0.0381678956	0.0279578922	0.0491895944	0.0211333926	0.0195722311	92.6	0	0	0	3
172	996	0	2.01206766	0.0490905013	0.0386120021	0.0279578922	0.0491895944	0.020432553	0.0195722311	95.7	0	0	0	3
173	1002	0	2.02376573	0.0459242929	0.0389673154	0.0279578922	0.0491895944	0.0197270165	0.0195722311	99.2	0	0	0	3
174	1008	0	2.0354638	0.0463441205	0.0393602613	0.0279578922	0.0491895944	0.0192128158	0.0195722311	100	0	0	0	3
175	1013	0	2.04716187	0.0452321856	0.0397602456	0.0279578922	0.0491895944	0.0187288738	0.0195722311	100	0	0	0	3
176	1019	0	2.05885993	0.0467561178	0.0401676651	0.0279578922	0.0491895944	0.0184031856	0.0195722311	100	0	0	0	3
177	1024	0	2.070558	0.0445699468	0.040553992	0.0283218896	0.0491895944	0.018130488	0.0195722311	100	0	0	0	3
178	1030	0	2.08225607	0.0453586326	0.0409501953	0.0301705055	0.0491895944	0.0178579087	0.0195722311	100	0	0	0	3
179	1036	0	2.09395414	0.0448854049	0.0412720002	0.0301705055	0.0491895944	0.0175814562	0.0195722311	100	0	0	0	3
180	1041	0	2.10565221	0.0468730671	0.0416604319	0.0318376262	0.0491895944	0.0173386185	0.0195722311	100	0	0	0	3
181	1047	0	2.11735027	0.0449295246	0.0419648946	0.0321530839	0.0491895944	0.0170365105	0.0195722311	100	0	0	0	3
182	1052	0	2.12904834	0.0463748965	0.0422956344	0.033704694	0.0491895944	0.0154849003	0.0195722311	100	0	0	0	3
183	1058	0	2.14074641	0.045595302	0.0425524621	0.033704694	0.0491895944	0.0154849003	0.0195722311	100	0	0	0	3
184	1063	0	2.15244448	0.0487129568	0.0429014914	0.034344829	0.0491895944	0.0148447653	0.0195722311	100	0	0	0	3
185	1069	0	2.16414254	0.0474020591	0.0431858427	0.034344829	0.0491895944	0.0148447653	0.0195722311	100	0	0	0	3
186	1075	0	2.17584061	0.0505416387	0.0435625127	0.0360751212	0.0505416387	0.0144665176	0.0195722311	100	0	0	0	3
187	1080	0	2.18753868	0.0506955358	0.0438626047	0.0360751212	0.0506955358	0.0146204146	0.0195722311	100	0	0	0	3
188	1086	0	2.19923675	0.0532731527	0.0442598067	0.0360751212	0.0532731527	0.0156466668	0.0195722311	100	0	0	0	3
189	1091	0	2.21093482	0.0503037016	0.0445060794	0.0360751212	0.0532731527	0.0154804314	0.0195722311	100	0	0	0	3
190	1097	0	2.22263288	0.0517007741	0.0448614802	0.0360751212	0.0532731527	0.0153604868	0.0195722311	100	0	0	0	3
191	1102	0	2.23433095	0.050597976	0.0451381501	0.0360751212	0.0532731527	0.0152528135	0.0195722311	100	0	0	0	3
192	1108	0	2.24602902	0.0534264105	0.0455416684	0.037103256	0.0534264105	0.0152055955	0.0195722311	100	0	0	0	3
193	1113	0	2.25772709	0.0509348329	0.0457943506	0.037103256	0.0534264105	0.0150874149	0.0195722311	100	0	0	0	3
194	1119	0	2.26942515	0.0526656761	0.0461562673	0.0393090428	0.0534264105	0.0141173677	0.0195722311	100	0	0	0	3
195	1125	0	2.28112322	0.050775228	0.0463994728	0.0393090428	0.0534264105	0.0141173677	0.0195722311	100	0	0	0	3
196	1130	0	2.29282129	0.0528092077	0.0467134301	0.0393104865	0.0534264105	0.014115924	0.0195722311	100	0	0	0	3
197	1136	0	2.30451936	0.0513858678	0.0469386451	0.0393104865	0.0534264105	0.014115924	0.0195722311	100	0	0	0	3
198	1142	0	2.31621743	0.0514337754	0.047220582	0.0400678155	0.0534264105	0.013358595	0.0195722311	100	0	0	0	3
199	1147	0	2.32791549	0.0504306951	0.0474288027	0.0400678155	0.0534264105	0.013358595	0.0195722311	100	0	0	0	3
200	1153	0	2.33961356	0.0510548694	0.0476843156	0.040287429	0.0534264105	0.0131389815	0.0195722311	100	0	0	0	3
201	1160	0	2.35131163	0.0508065968	0.0478730938	0.040287429	0.0534264105	0.0131389815	0.0195722311	100	0	0	0	3
202	1165	0	2.3630097	0.0509844063	0.0481218607	0.0422470777	0.0534264105	0.0111793328	0.0195722311	100	0	0	0	3
203	1171	0	2.37470776	0.0503046619	0.0482812416	0.0422470777	0.0534264105	0.0111793328	0.0195722311	100	0	0	0	3
204	1177	0	2.38640583	0.0521006442	0.0485103943	0.0432012885	0.0534264105	0.010225122	0.0195722311	100	0	0	0	3
205	1182	0	2.3981039	0.0527384305	0.0486516262	0.0432012885	0.0534264105	0.010225122	0.0195722311	100	0	0	0	3
206	1188	0	2.40980197	0.0563794981	0.0489580962	0.0445699468	0.0563794981	0.0118095513	0.0195722311	100	0	0	0	3
207	1193	0	2.42150004	0.0560370516	0.0491819155	0.0445699468	0.0563794981	0.0118095513	0.0195722311	100	0	0	0	3
208	1199	0	2.4331981	0.0570192468	0.0494678134	0.0445699468	0.0570192468	0.0124492999	0.0195722311	100	0	0	0	3
209	1204	0	2.44489617	0.0565051479	0.049685374	0.0445699468	0.0570192468	0.0124492999	0.0195722311	100	0	0	0	3
210	1210	0	2.45659424	0.0592464369	0.0500140437	0.0445699468	0.0592464369	0.0129361405	0.0195722311	100	0	0	0	3
211	1216	0	2.46829231	0.0567174748	0.0502451387	0.0445699468	0.0592464369	0.0128563288	0.0195722311	100	0	0	0	3
212	1221	0	2.47999038	0.0597100732	0.0505727958	0.0445699468	0.0597100732	0.012770919	0.0195722311	100	0	0	0	3
213	1227	0	2.49168844	0.0587960183	0.050796201	0.0445699468	0.0597100732	0.0126283054	0.0195722311	100	0	0	0	3
214	1232	0	2.50338651	0.061658134	0.0511414459	0.0445699468	0.061658134	0.0125294437	0.0195722311	100	0	0	0	3
215	1238	0	2.51508458	0.0584844728	0.0513599103	0.0445699468	0.061658134	0.0123925949	0.0195722311	100	0	0	0	3
216	1244	0	2.52678265	0.0586813149	0.0516565852	0.0445699468	0.061658134	0.0122963239	0.0195722311	100	0	0	0	3
217	1249	0	2.53848071	0.0580675151	0.0519292223	0.0445699468	0.061658134	0.0121689767	0.0195722311	100	0	0	0	3
218	1255	0	2.55017878	0.060128523	0.0522756488	0.0445699468	0.061658134	0.0121079836	0.0195722311	100	0	0	0	3
219	1260	0	2.56187685	0.0574621547	0.0525246264	0.0445699468	0.061658134	0.0119706344	0.0195722311	100	0	0	0	3
220	1266	0	2.57357492	0.058049426	0.0528381026	0.0448854049	0.061658134	0.0118879073	0.0195722311	100	0	0	0	3
221	1271	0	2.58527299	0.0557022192	0.0530786512	0.0448854049	0.061658134	0.011806651	0.0195722311	100	0	0	0	3
222	1277	0	2.59697105	0.0580461928	0.053384716	0.0449295246	0.061658134	0.0117242841	0.0195722311	100	0	0	0	3
223	1283	0	2.60866912	0.0541368998	0.0535536423	0.0449295246	0.061658134	0.0115887477	0.0195722311	100	0	0	0	3
224	1288	0	2.62036719	0.0550896022	0.0537899232	0.045595302	0.061658134	0.0114942888	0.0195722311	100	0	0	0	3
225	1294	0	2.63206526	0.0540396204	0.0539681726	0.045595302	0.061658134	0.0114157105	0.0195722311	100	0	0	0	3
226	1299	0	2.64376332	0.0542988444	0.0541705806	0.0474020591	0.061658134	0.0112690891	0.0195722311	100	0	0	0	3
227	1305	0	2.65546139	0.0525799096	0.0542605097	0.0474020591	0.061658134	0.011074667	0.0195722311	100	0	0	0	3
228	1310	0	2.66715946	0.0530284417	0.0543913558	0.0503037016	0.061658134	0.0108288431	0.0195722311	100	0	0	0	3
229	1316	0	2.67885753	0.0526256596	0.0544398214	0.0503037016	0.061658134	0.0105772167	0.0195722311	100	0	0	0	3
230	1322	0	2.6905556	0.053512473	0.0545053316	0.0503037016	0.061658134	0.0102455249	0.0195722311	100	0	0	0	3
231	1327	0	2.70225366	0.052634446	0.0544904779	0.0503037016	0.061658134	0.0099992522	0.0195722311	100	0	0	0	3
232	1333	0	2.71395173	0.0528270052	0.0545491594	0.0503046619	0.061658134	0.00968767921	0.0195722311	100	0	0	0	3
233	1338	0	2.7256498	0.0527666411	0.054573947	0.0503046619	0.061658134	0.00943579694	0.0195722311	100	0	0	0	3
234	1344	0	2.73734787	0.0534603546	0.054640514	0.0503046619	0.061658134	0.00909884553	0.0195722311	100	0	0	0	3
235	1349	0	2.74904593	0.0535184382	0.0546426541	0.0503046619	0.061658134	0.00884830357	0.0195722311	100	0	0	0	3
236	1355	0	2.760744	0.055080829	0.0547390727	0.0503046619	0.061658134	0.00858280534	0.0195722311	100	0	0	0	3
237	1361	0	2.77244207	0.0548271835	0.0547893403	0.0503046619	0.061658134	0.00838986744	0.0195722311	100	0	0	0	3
238	1366	0	2.78414014	0.0558536379	0.0549074428	0.0503046619	0.061658134	0.00819401268	0.0195722311	100	0	0	0	3
239	1372	0	2.79583821	0.0538288789	0.0549311561	0.0503046619	0.061658134	0.00799251101	0.0195722311	100	0	0	0	3
240	1377	0	2.80753627	0.0531641299	0.054972511	0.0503046619	0.061658134	0.00775192899	0.0195722311	100	0	0	0	3
241	1383	0	2.81923434	0.0526888118	0.0550016979	0.0503046619	0.061658134	0.00757289523	0.0195722311	100	0	0	0	3
242	1389	0	2.83093241	0.0537221757	0.055078244	0.0503046619	0.061658134	0.00739392841	0.0195722311	100	0	0	0	3
243	1394	0	2.84263048	0.0540683406	0.0551483247	0.0503046619	0.061658134	0.00727523094	0.0195722311	100	0	0	0	3
244	1400	0	2.85432855	0.0539983678	0.055222552	0.0503046619	0.061658134	0.00710069125	0.0195722311	100	0	0	0	3
245	1405	0	2.86602661	0.0549359081	0.0553144473	0.0503046619	0.061658134	0.00703320575	0.0195722311	100	0	0	0	3
246	1411	0	2.87772468	0.055317599	0.0554310273	0.0521006442	0.061658134	0.00692063298	0.0195722311	100	0	0	0	3
247	1417	0	2.88942275	0.055492023	0.0555098965	0.0525799096	0.061658134	0.00685827032	0.0195722311	100	0	0	0	3
248	1422	0	2.90112082	0.0564479247	0.0555961639	0.0525799096	0.061658134	0.00663806763	0.0195722311	100	0	0	0	3
249	1428	0	2.91281888	0.0563742607	0.0555960421	0.0525799096	0.061658134	0.00641424832	0.0195722311	100	0	0	0	3
250	1433	0	2.92451695	0.0575169887	0.0556304592	0.0525799096	0.061658134	0.00616264582	0.0195722311	100	0	0	0	3
251	1439	0	2.93621502	0.056464815	0.0556175654	0.0525799096	0.061658134	0.00594508523	0.0195722311	100	0	0	0	3
252	1445	0	2.94791309	0.0579125742	0.0556502963	0.0525799096	0.061658134	0.00563625261	0.0195722311	100	0	0	0	3
253	1450	0	2.95961116	0.0579800546	0.0556208455	0.0525799096	0.061658134	0.00540515755	0.0195722311	100	0	0	0	3
254	1456	0	2.97130922	0.059902038	0.0556949051	0.0525799096	0.061658134	0.00512210937	0.0195722311	100	0	0	0	3
255	1461	0	2.98300729	0.0590602944	0.055679794	0.0525799096	0.061658134	0.00489870416	0.0195722311	100	0	0	0	3
256	1467	0	2.99470536	0.0588772769	0.0556816837	0.0525799096	0.061658134	0.00455345928	0.0195722311	100	0	0	0	3
257	1473	0	3.00640343	0.0597168664	0.055636538	0.0525799096	0.060128523	0.00433499482	0.0195722311	100	0	0	0	3
258	1478	0	3.01810149	0.0607154336	0.0556884208	0.0525799096	0.0607154336	0.00403831989	0.0195722311	100	0	0	0	3
259	1484	0	3.02979956	0.0610680935	0.0557439273	0.0525799096	0.0610680935	0.00381470494	0.0195722311	100	0	0	0	3
260	1489	0	3.04149763	0.0598035611	0.0557843004	0.0525799096	0.0610680935	0.00350865166	0.0195722311	100	0	0	0	3
261	1495	0	3.0531957	0.0602423854	0.0557869484	0.0525799096	0.0610680935	0.00326232202	0.0195722311	100	0	0	0	3
262	1501	0	3.06489377	0.0608874058	0.0558666054	0.0525799096	0.0610680935	0.00302850276	0.0195722311	100	0	0	0	3
263	1506	0	3.07659183	0.0615203257	0.055947324	0.0525799096	0.0615203257	0.00286867283	0.0195722311	100	0	0	0	3
264	1512	0	3.0882899	0.0629461002	0.0561157863	0.0525799096	0.0629461002	0.00273107035	0.0195722311	100	0	0	0	3
265	1517	0	3.09998797	0.0614565865	0.0561950978	0.0525799096	0.0629461002	0.00264145549	0.0195722311	100	0	0	0	3
266	1524	0	3.11168604	0.062546302	0.0563906653	0.0525799096	0.0629461002	0.00260074211	0.0195722311	100	0	0	0	3
267	1529	0	3.1233841	0.0617765642	0.0565461761	0.0525799096	0.0629461002	0.00257800346	0.0195722311	100	0	0	0	3
268	1535	0	3.13508217	0.0630903668	0.0567566585	0.0525799096	0.0630903668	0.00258607797	0.0195722311	100	0	0	0	3
269	1540	0	3.14678024	0.0628145318	0.0569546978	0.0525799096	0.0630903668	0.00269418808	0.0195722311	100	0	0	0	3
270	1546	0	3.15847831	0.0631090054	0.0571995605	0.0526256596	0.0631090054	0.00280820466	0.0195722311	100	0	0	0	3
271	1552	0	3.17017638	0.0617738515	0.0574029421	0.0526256596	0.0631090054	0.00296312068	0.0195722311	100	0	0	0	3
272	1557	0	3.18187444	0.0631084394	0.0576467277	0.052634446	0.0631090054	0.00315624973	0.0195722311	100	0	0	0	3
273	1563	0	3.19357251	0.0617049609	0.0578372506	0.052634446	0.0631090054	0.00334677271	0.0195722311	100	0	0	0	3
274	1568	0	3.20527058	0.0619650326	0.058054241	0.0526888118	0.0631090054	0.00350508162	0.0195722311	100	0	0	0	3
275	1574	0	3.21696865	0.059810162	0.05821664	0.0526888118	0.0631090054	0.00364269301	0.0195722311	100	0	0	0	3
276	1579	0	3.22866671	0.0609029284	0.058405856	0.0526888118	0.0631090054	0.00376534205	0.0195722311	100	0	0	0	3
277	1585	0	3.24036478	0.0602329129	0.0585633574	0.0526888118	0.0631090054	0.00392070323	0.0195722311	100	0	0	0	3
278	1590	0	3.25206285	0.061713849	0.0587539483	0.0526888118	0.0631090054	0.00401487566	0.0195722311	100	0	0	0	3
279	1596	0	3.26376092	0.0613468007	0.0588996686	0.0526888118	0.0631090054	0.00411032832	0.0195722311	100	0	0	0	3
280	1602	0	3.27545899	0.0615343668	0.0590556496	0.0526888118	0.0631090054	0.00414820677	0.0195722311	100	0	0	0	3
281	1607	0	3.28715705	0.0589941337	0.0591286844	0.0526888118	0.0631090054	0.00419752827	0.0195722311	100	0	0	0	3
282	1613	0	3.29885512	0.0598977908	0.0592698219	0.0526888118	0.0631090054	0.00429731082	0.0195722311	100	0	0	0	3
283	1619	0	3.31055319	0.0584127836	0.0593918836	0.0526888118	0.0631090054	0.00439018564	0.0195722311	100	0	0	0	3
284	1624	0	3.32225126	0.0585888673	0.0595290942	0.0537221757	0.0631090054	0.00445085017	0.0195722311	100	0	0	0	3
285	1630	0	3.33394933	0.057272094	0.0596116504	0.0539983678	0.0631090054	0.00446332569	0.0195722311	100	0	0	0	3
286	1635	0	3.34564739	0.0571173308	0.0596825572	0.0539983678	0.0631090054	0.0044600052	0.0195722311	100	0	0	0	3
287	1641	0	3.35734546	0.0566220506	0.059743573	0.0549359081	0.0631090054	0.00442912569	0.0195722311	100	0	0	0	3
288	1646	0	3.36904353	0.0563885242	0.0597773548	0.055317599	0.0631090054	0.00434632753	0.0195722311	100	0	0	0	3
289	1652	0	3.3807416	0.0553220629	0.0597774586	0.0553220629	0.0631090054	0.00426756207	0.0195722311	100	0	0	0	3
290	1657	0	3.39243966	0.0560179213	0.0597896888	0.0553220629	0.0631090054	0.00419364676	0.0195722311	100	0	0	0	3
291	1663	0	3.40413773	0.0568474374	0.0597989798	0.0553220629	0.0631090054	0.00420293775	0.0195722311	100	0	0	0	3
292	1668	0	3.4158358	0.0556261085	0.0597815809	0.0553220629	0.0631090054	0.00418141437	0.0195722311	100	0	0	0	3
293	1674	0	3.42753387	0.0562277396	0.0597515984	0.0553220629	0.0631090054	0.00418141437	0.0195722311	100	0	0	0	3
294	1680	0	3.43923194	0.056595011	0.0597546262	0.0553220629	0.0631090054	0.00417813428	0.0195722311	100	0	0	0	3
295	1686	0	3.45093	0.0575654057	0.0597465525	0.0553220629	0.0631090054	0.00417813428	0.0195722311	100	0	0	0	3
296	1691	0	3.46262807	0.0565312299	0.0597128589	0.0553220629	0.0631090054	0.00416244183	0.0195722311	100	0	0	0	3
297	1697	0	3.47432614	0.0574656625	0.059656199	0.0553220629	0.0631090054	0.00416244183	0.0195722311	100	0	0	0	3
298	1702	0	3.48602421	0.0583100733	0.059638752	0.0553220629	0.0631090054	0.00416244183	0.0195722311	100	0	0	0	3
299	1708	0	3.49772227	0.0575563679	0.0596080332	0.0553220629	0.0631090054	0.00416244183	0.0195722311	100	0	0	0	3
300	1713	0	3.50942034	0.0588432863	0.0595877174	0.0553220629	0.0631090054	0.00411055902	0.0195722311	100	0	0	0	3
301	1720	0	3.52111841	0.0587957929	0.0595430746	0.0553220629	0.0631090054	0.00405505254	0.0195722311	100	0	0	0	3
302	1726	0	3.53281648	0.0606040709	0.0595322834	0.0553220629	0.0631090054	0.00401467938	0.0195722311	100	0	0	0	3
303	1733	0	3.54451455	0.0594521335	0.0595241106	0.0553220629	0.0631090054	0.00401203141	0.0195722311	100	0	0	0	3
304	1742	0	3.55621261	0.0609491364	0.0595405467	0.0553220629	0.0631090054	0.00393237441	0.0195722311	100	0	0	0	3
305	1748	0	3.56791068	0.0587323229	0.0594904285	0.0553220629	0.0631090054	0.00385165581	0.0195722311	100	0	0	0	3
306	1754	0	3.57960875	0.0604824437	0.0594662917	0.0553220629	0.0631090054	0.00368319346	0.0195722311	100	0	0	0	3
307	1760	0	3.59130682	0.059621029	0.0593889645	0.0553220629	0.0631090054	0.00360388198	0.0195722311	100	0	0	0	3
308	1766	0	3.60300488	0.0622699807	0.0594078806	0.0553220629	0.0631090054	0.00340831449	0.0195722311	100	0	0	0	3
309	1772	0	3.61470295	0.0601279975	0.059351641	0.0553220629	0.0631090054	0.00325280374	0.0195722311	100	0	0	0	3
310	1778	0	3.62640102	0.06066256	0.0593257339	0.0553220629	0.0631090054	0.00304232127	0.0195722311	100	0	0	0	3
311	1783	0	3.63809909	0.060698103	0.0592700998	0.0553220629	0.0631090054	0.00284428203	0.0195722311	100	0	0	0	3
312	1789	0	3.64979716	0.0604608391	0.0592153628	0.0553220629	0.0631090054	0.00259941934	0.0195722311	100	0	0	0	3
313	1794	0	3.66149522	0.0612983773	0.0591732552	0.0553220629	0.0631084394	0.00239603772	0.0195722311	100	0	0	0	3
314	1800	0	3.67319329	0.0617723958	0.0591732213	0.0553220629	0.0631084394	0.00215225214	0.0195722311	100	0	0	0	3
315	1805	0	3.68489136	0.0621655065	0.0591512926	0.0553220629	0.0622699807	0.00196172916	0.0195722311	100	0	0	0	3
316	1811	0	3.69658943	0.0634768712	0.0591924999	0.0553220629	0.0634768712	0.00174473878	0.0195722311	100	0	0	0	3
317	1817	0	3.7082875	0.0639053387	0.0592376233	0.0553220629	0.0639053387	0.00158233978	0.0195722311	100	0	0	0	3
318	1822	0	3.71998556	0.0662711001	0.0593878776	0.0553220629	0.0662711001	0.0013931238	0.0195722311	100	0	0	0	3
319	1828	0	3.73168363	0.065381701	0.0594920351	0.0553220629	0.0662711001	0.00123562244	0.0195722311	100	0	0	0	3
320	1833	0	3.7433817	0.0680825952	0.0596745859	0.0553220629	0.0680825952	0.00104503149	0.0195722311	100	0	0	0	3
321	1839	0	3.75507977	0.0689104901	0.0598419496	0.0553220629	0.0689104901	0.000942281052	0.0195722311	100	0	0	0	3
322	1845	0	3.76677783	0.0731173817	0.0601156841	0.0553220629	0.0731173817	0.00106003449	0.0195722311	100	0	0	0	3
323	1850	0	3.7784759	0.073627422	0.0603969179	0.0553220629	0.073627422	0.00126823354	0.0195722311	100	0	0	0	3
324	1856	0	3.79017397	0.075510836	0.0607810273	0.0553220629	0.075510836	0.00162973463	0.0195722311	100	0	0	0	3
325	1862	0	3.80187204	0.0768119347	0.0611743795	0.0553220629	0.0768119347	0.00202308681	0.0195722311	100	0	0	0	3
326	1867	0	3.81357011	0.0771080372	0.0616091528	0.0553220629	0.0771080372	0.00245786015	0.0195722311	100	0	0	0	3
327	1873	0	3.82526817	0.0760769953	0.0620158535	0.0553220629	0.0771080372	0.0028645608	0.0195722311	100	0	0	0	3
328	1878	0	3.83696624	0.076210358	0.0624562782	0.0553220629	0.0771080372	0.00330498555	0.0195722311	100	0	0	0	3
329	1884	0	3.84866431	0.0753968194	0.0628813826	0.0553220629	0.0771080372	0.00373008993	0.0195722311	100	0	0	0	3
330	1891	0	3.86036238	0.0761089602	0.0633345665	0.0553220629	0.0771080372	0.00418327388	0.0195722311	100	0	0	0	3
331	1896	0	3.87206044	0.0744495799	0.0637545911	0.0553220629	0.0771080372	0.00460329843	0.0195722311	100	0	0	0	3
332	1902	0	3.88375851	0.0763899541	0.064244542	0.0556261085	0.0771080372	0.00509324939	0.0195722311	100	0	0	0	3
333	1908	0	3.89545658	0.0761312888	0.0647122948	0.0556261085	0.0771080372	0.00556100212	0.0195722311	100	0	0	0	3
334	1913	0	3.90715465	0.0763085729	0.0651648793	0.0556261085	0.0771080372	0.00601358667	0.0195722311	100	0	0	0	3
335	1919	0	3.91885272	0.0769163545	0.0656600013	0.0562277396	0.0771080372	0.00650870867	0.0195722311	100	0	0	0	3
336	1924	0	3.93055078	0.0777724023	0.06616104	0.0565312299	0.0777724023	0.00700974733	0.0195722311	100	0	0	0	3
337	1930	0	3.94224885	0.0766497036	0.0666274282	0.0565312299	0.0777724023	0.00747613553	0.0195722311	100	0	0	0	3
338	1935	0	3.95394692	0.0788863206	0.0671232634	0.0565312299	0.0788863206	0.00797197076	0.0195722311	100	0	0	0	3
339	1941	0	3.96564499	0.0791946505	0.0676503197	0.0574656625	0.0791946505	0.00849902706	0.0195722311	100	0	0	0	3
340	1947	0	3.97734305	0.080301254	0.06818138	0.0575563679	0.080301254	0.00903008733	0.0195722311	100	0	0	0	3
341	1953	0	3.98904112	0.0785534925	0.0686521572	0.0575563679	0.080301254	0.00950086452	0.0195722311	100	0	0	0	3
342	1958	0	4.00073919	0.0818412596	0.0692169221	0.0587323229	0.0818412596	0.0100656294	0.0195722311	100	0	0	0	3
