Iteration	CPUTime	PhysTime	Travels	Value	AvValue	MinValue	MaxValue	Delta	Criteria	Progress	dGMaxMin	CriteriaType	CriteriaVarType	CriteriaPercentage
1	21	0	0.0116980678	193.766789	193.766789	193.766789	193.766789	0	0	0	0	0	0	3
2	27	0	0.0233961356	32.9179492	113.342369	32.9179492	193.766789	80.4244201	0	0	0	0	0	3
3	36	0	0.0350942034	17.4989996	81.3945794	17.4989996	193.766789	112.37221	0	0	0	0	0	3
4	47	0	0.0467922712	8.18229322	63.0915079	8.18229322	193.766789	130.675282	0	0	0	0	0	3
5	58	0	0.058490339	10.5269228	52.5785908	8.18229322	193.766789	141.188199	0	0	0	0	0	3
6	64	0	0.0701884068	7.93318341	45.1376896	7.93318341	193.766789	148.6291	0	0	0	0	0	3
7	71	0	0.0818864747	9.00567319	39.975973	7.93318341	193.766789	153.790816	0	0	0	0	0	3
8	77	0	0.0935845425	7.8538406	35.9607064	7.8538406	193.766789	157.806083	0	0	0	0	0	3
9	82	0	0.10528261	8.34302859	32.8920756	7.8538406	193.766789	160.874714	0	0	0	0	0	3
10	88	0	0.116980678	7.652581	30.3681261	7.652581	193.766789	163.398663	0	0	0	0	0	3
11	93	0	0.128678746	7.77748577	28.3144315	7.652581	193.766789	165.452358	0	0	0	0	0	3
12	99	0	0.140376814	7.4725892	26.5776113	7.4725892	193.766789	167.189178	0	0	0	0	0	3
13	105	0	0.152074882	7.45964589	25.1069986	7.45964589	193.766789	168.659791	0	0	0	0	0	3
14	111	0	0.163772949	7.31735489	23.8363098	7.31735489	193.766789	169.93048	0	0	0	0	0	3
15	116	0	0.175471017	7.2892977	22.7331756	7.2892977	193.766789	171.033614	0	0	0	0	0	3
16	122	0	0.187169085	7.14642382	21.7590036	7.14642382	193.766789	172.007786	0	0	0	0	0	3
17	127	0	0.198867153	7.03577699	20.8929315	7.03577699	193.766789	172.873858	0	0	0	0	0	3
18	133	0	0.210565221	6.91335894	20.1162886	6.91335894	193.766789	173.650501	0	0	0	0	0	3
19	138	0	0.222263288	6.82807066	19.4169087	6.82807066	193.766789	174.349881	0	0	0	0	0	3
20	144	0	0.233961356	6.71303166	18.7817148	6.71303166	193.766789	174.985075	0	0	0	0	0	3
21	149	0	0.245659424	6.5663111	18.2000289	6.5663111	193.766789	175.56676	0	0	0	0	0	3
22	155	0	0.257357492	6.38222004	17.6628558	6.38222004	193.766789	176.103934	0	0	0	0	0	3
23	161	0	0.26905556	6.21448558	17.1651006	6.21448558	193.766789	176.601689	0	0	0	0	0	3
24	166	0	0.280753627	6.0864266	16.7034892	6.0864266	193.766789	177.0633	0	0	0	0	0	3
25	172	0	0.292451695	5.97141007	16.274206	5.97141007	193.766789	177.492583	0	0	0	0	0	3
26	177	0	0.304149763	5.85415014	15.8734346	5.85415014	193.766789	177.893355	0	0	0	0	0	3
27	183	0	0.315847831	5.69075941	15.4962985	5.69075941	193.766789	178.270491	0	0	0	0	0	3
28	188	0	0.327545899	5.56166437	15.1414901	5.56166437	193.766789	178.625299	0	0	0	0	0	3
29	194	0	0.339243966	5.47088656	14.808021	5.47088656	193.766789	178.958768	0	0	0	0	0	3
30	199	0	0.350942034	5.40090598	14.4944505	5.40090598	193.766789	179.272339	0	0	0	0	0	3
31	205	0	0.362640102	5.32423125	14.198637	5.32423125	193.766789	179.568152	0	0	0	0	0	3
32	211	0	0.37433817	5.24603305	13.9188681	5.24603305	193.766789	179.847921	0	0	0	0	0	3
33	216	0	0.386036238	5.18197747	13.6541139	5.18197747	193.766789	180.112675	0	0	0	0	0	3
34	222	0	0.397734305	5.13517826	13.403557	5.13517826	193.766789	180.363232	0	0	0	0	0	3
35	228	0	0.409432373	5.09355607	13.1661284	5.09355607	193.766789	180.600661	0	0	0	0	0	3
36	233	0	0.421130441	5.05199782	12.9407358	5.05199782	193.766789	180.826054	0	0	0	0	0	3
37	239	0	0.432828509	4.990484	12.7258642	4.990484	193.766789	181.040925	0	0	0	0	0	3
38	244	0	0.444526577	4.93694074	12.5208925	4.93694074	193.766789	181.245897	0	0	0	0	0	3
39	250	0	0.456224645	4.88461232	12.3250904	4.88461232	193.766789	181.441699	0	0	0	0	0	3
40	256	0	0.467922712	4.83873639	12.1379316	4.83873639	193.766789	181.628858	0	0	0	0	0	3
41	262	0	0.47962078	4.79784744	11.9589051	4.79784744	193.766789	181.807884	0	0	0	0	0	3
42	267	0	0.491318848	4.75505556	11.7873849	4.75505556	193.766789	181.979404	0	0	0	0	0	3
43	273	0	0.503016916	4.7166332	11.6229488	4.7166332	193.766789	182.143841	0	0	0	0	0	3
44	279	0	0.514714984	4.67820391	7.22553987	4.67820391	32.9179492	28.2397453	0	0	0	0	0	3
45	284	0	0.526413051	4.64728844	6.56808264	4.64728844	17.4989996	12.8517111	0	0	0	0	0	3
46	290	0	0.538111119	4.61434779	6.26843958	4.61434779	10.5269228	5.91257497	0	0	0	0	0	3
47	296	0	0.549809187	4.59182393	6.18494029	4.59182393	10.5269228	5.93509883	0	0	0	0	0	3
48	301	0	0.561507255	4.56966698	6.04639946	4.56966698	9.00567319	4.43600621	0	0	0	0	0	3
49	307	0	0.573205323	4.55242232	5.96777711	4.55242232	9.00567319	4.45325087	0	0	0	0	0	3
50	313	0	0.58490339	4.53532469	5.86381552	4.53532469	8.34302859	3.8077039	0	0	0	0	0	3
51	318	0	0.596601458	4.52234317	5.78633883	4.52234317	8.34302859	3.82068542	0	0	0	0	0	3
52	324	0	0.608299526	4.50814068	5.69715539	4.50814068	7.77748577	3.26934509	0	0	0	0	0	3
53	330	0	0.619997594	4.4990365	5.62381715	4.4990365	7.77748577	3.27844927	0	0	0	0	0	3
54	336	0	0.631695662	4.4834009	5.54721052	4.4834009	7.4725892	2.9891883	0	0	0	0	0	3
55	341	0	0.643393729	4.47149573	5.47741765	4.47149573	7.45964589	2.98815016	0	0	0	0	0	3
56	347	0	0.655091797	4.46042158	5.40766825	4.46042158	7.31735489	2.8569333	0	0	0	0	0	3
57	353	0	0.666789865	4.45066135	5.34100096	4.45066135	7.2892977	2.83863634	0	0	0	0	0	3
58	358	0	0.678487933	4.43834521	5.27469974	4.43834521	7.14642382	2.70807861	0	0	0	0	0	3
59	364	0	0.690186001	4.43030983	5.21153429	4.43030983	7.03577699	2.60546716	0	0	0	0	0	3
60	370	0	0.701884068	4.41884649	5.15067545	4.41884649	6.91335894	2.49451245	0	0	0	0	0	3
61	375	0	0.713582136	4.41011962	5.09246058	4.41011962	6.82807066	2.41795104	0	0	0	0	0	3
62	381	0	0.725280204	4.399561	5.03598361	4.399561	6.71303166	2.31347066	0	0	0	0	0	3
63	386	0	0.736978272	4.39250681	4.98201791	4.39250681	6.5663111	2.17380429	0	0	0	0	0	3
64	392	0	0.74867634	4.38198963	4.93121974	4.38198963	6.38222004	2.00023041	0	0	0	0	0	3
65	397	0	0.760374408	4.37332041	4.88450115	4.37332041	6.21448558	1.84116517	0	0	0	0	0	3
66	403	0	0.772072475	4.36253839	4.84143261	4.36253839	6.0864266	1.72388822	0	0	0	0	0	3
67	408	0	0.783770543	4.35412432	4.80114651	4.35412432	5.97141007	1.61728575	0	0	0	0	0	3
68	414	0	0.795468611	4.34250334	4.76326495	4.34250334	5.85415014	1.51164681	0	0	0	0	0	3
69	419	0	0.807166679	4.33234618	4.72787416	4.33234618	5.69075941	1.35841323	0	0	0	0	0	3
70	425	0	0.818864747	4.32069849	4.69601228	4.32069849	5.56166437	1.24096588	0	0	0	0	0	3
71	431	0	0.830562814	4.31043702	4.66691397	4.31043702	5.47088656	1.16044954	0	0	0	0	0	3
72	436	0	0.842260882	4.29681394	4.63960996	4.29681394	5.40090598	1.10409204	0	0	0	0	0	3
73	442	0	0.85395895	4.28678276	4.61370012	4.28678276	5.32423125	1.03744849	0	0	0	0	0	3
74	447	0	0.865657018	4.2749351	4.58929788	4.2749351	5.24603305	0.971097947	0	0	0	0	0	3
75	453	0	0.877355086	4.26361803	4.56645102	4.26361803	5.18197747	0.91835944	0	0	0	0	0	3
76	458	0	0.889053153	4.24952824	4.54476615	4.24952824	5.13517826	0.885650016	0	0	0	0	0	3
77	464	0	0.900751221	4.23633449	4.52386281	4.23633449	5.09355607	0.857221581	0	0	0	0	0	3
78	470	0	0.912449289	4.21965542	4.50353954	4.21965542	5.05199782	0.832342399	0	0	0	0	0	3
79	475	0	0.924147357	4.20679716	4.48388371	4.20679716	4.990484	0.783686837	0	0	0	0	0	3
80	481	0	0.935845425	4.18882007	4.46524036	4.18882007	4.93694074	0.748120678	0	0	0	0	0	3
81	487	0	0.947543492	4.17634918	4.44755219	4.17634918	4.88461232	0.708263138	0	0	0	0	0	3
82	492	0	0.95924156	4.15670918	4.43062421	4.15670918	4.83873639	0.682027209	0	0	0	0	0	3
83	498	0	0.970939628	4.14118282	4.41440203	4.14118282	4.79784744	0.656664618	0	0	0	0	0	3
84	504	0	0.982637696	4.12110035	4.39866373	4.12110035	4.75505556	0.633955211	0	0	0	0	0	3
85	509	0	0.994335764	4.10655126	4.38358223	4.10655126	4.7166332	0.610081941	0	0	0	0	0	3
86	515	0	1.00603383	4.08771566	4.36895624	4.08771566	4.67820391	0.590488253	0.402338517	68.1	0	0	0	3
87	520	0	1.0177319	4.07115025	4.35483871	4.07115025	4.64728844	0.576138192	0.40283548	69.9	0	0	0	3
88	526	0	1.02942997	4.05080012	4.34096689	4.05080012	4.61434779	0.56354767	0.403140732	71.5	0	0	0	3
89	532	0	1.04112803	4.0349908	4.32749347	4.0349908	4.59182393	0.556833124	0.402338517	72.2	0	0	0	3
90	537	0	1.0528261	4.01500274	4.31407903	4.01500274	4.56966698	0.554664235	0.402338517	72.5	0	0	0	3
91	543	0	1.06452417	3.99855632	4.30079738	3.99855632	4.55242232	0.553865995	0.402338517	72.6	0	0	0	3
92	549	0	1.07622224	3.97968386	4.28747789	3.97968386	4.53532469	0.555640825	0.402338517	72.4	0	0	0	3
93	554	0	1.08792031	3.96769704	4.27427724	3.96769704	4.52234317	0.554646124	0.402338517	72.5	0	0	0	3
94	560	0	1.09961837	3.94948017	4.26095485	3.94948017	4.50814068	0.558660507	0.402338517	72	0	0	0	3
95	565	0	1.11131644	3.93750857	4.24768433	3.93750857	4.4990365	0.561527926	0.402338517	71.6	0	0	0	3
96	571	0	1.12301451	3.92204675	4.23426597	3.92204675	4.4834009	0.561354151	0.402338517	71.6	0	0	0	3
97	577	0	1.13471258	3.91440537	4.22103351	3.91440537	4.47149573	0.557090361	0.402338517	72.2	0	0	0	3
98	582	0	1.14641065	3.90013374	4.20774602	3.90013374	4.46042158	0.560287844	0.402338517	71.8	0	0	0	3
99	588	0	1.15810871	3.8925243	4.19453911	3.8925243	4.45066135	0.558137057	0.402338517	72	0	0	0	3
100	594	0	1.16980678	3.87969552	4.18126084	3.87969552	4.43834521	0.558649695	0.402338517	72	0	0	0	3
101	601	0	1.18150485	3.87572379	4.16817662	3.87572379	4.43030983	0.554586033	0.402338517	72.5	0	0	0	3
102	606	0	1.19320292	3.86690148	4.1550741	3.86690148	4.41884649	0.551945014	0.402338517	72.8	0	0	0	3
103	612	0	1.20490098	3.86557136	4.14220723	3.86557136	4.41011962	0.54454826	0.402338517	73.8	0	0	0	3
104	618	0	1.21659905	3.8610934	4.12943918	3.8610934	4.399561	0.538467606	0.402338517	74.7	0	0	0	3
105	624	0	1.22829712	3.86049954	4.11690287	3.86049954	4.39250681	0.532007276	0.402338517	75.6	0	0	0	3
106	629	0	1.23999519	3.85710953	4.10445177	3.85710953	4.38198963	0.524880094	0.402338517	76.6	0	0	0	3
107	635	0	1.25169326	3.85930506	4.09229631	3.85710953	4.37332041	0.516210875	0.402338517	77.9	0	0	0	3
108	640	0	1.26339132	3.85676774	4.08028346	3.85676774	4.36253839	0.505770648	0.402338517	79.5	0	0	0	3
109	646	0	1.27508939	3.86015038	4.06860002	3.85676774	4.35412432	0.497356585	0.402338517	80.8	0	0	0	3
110	652	0	1.28678746	3.85896749	4.05708474	3.85676774	4.34250334	0.485735597	0.402338517	82.8	0	0	0	3
111	657	0	1.29848553	3.86222374	4.04591545	3.85676774	4.33234618	0.475578441	0.402338517	84.5	0	0	0	3
112	663	0	1.31018359	3.86036537	4.03493915	3.85676774	4.32069849	0.463930747	0.402338517	86.7	0	0	0	3
113	669	0	1.32188166	3.86198933	4.0242715	3.85676774	4.31043702	0.453669284	0.402338517	88.6	0	0	0	3
114	675	0	1.33357973	3.85958429	4.01378655	3.85676774	4.29681394	0.440046202	0.402338517	91.4	0	0	0	3
115	680	0	1.3452778	3.86151572	4.00366334	3.85676774	4.28678276	0.430015026	0.402338517	93.5	0	0	0	3
116	686	0	1.35697587	3.85964936	3.99373	3.85676774	4.2749351	0.418167361	0.402338517	96.2	0	0	0	3
117	692	0	1.36867393	3.86131131	3.98411084	3.85676774	4.26361803	0.40685029	0.402338517	98.8	0	0	0	3
118	697	0	1.380372	3.85787999	3.97467508	3.85676774	4.24952824	0.392760505	0.402338517	100	0	0	0	3
119	703	0	1.39207007	3.86113883	3.96564276	3.85676774	4.23633449	0.379566749	0.402338517	100	0	0	0	3
120	708	0	1.40376814	3.85996632	3.95689002	3.85676774	4.21965542	0.36288768	0.402338517	100	0	0	0	3
121	714	0	1.4154662	3.86218974	3.94857686	3.85676774	4.20679716	0.350029427	0.402338517	100	0	0	0	3
122	720	0	1.42716427	3.86034323	3.94051979	3.85676774	4.18882007	0.332052328	0.402338517	100	0	0	0	3
123	725	0	1.43886234	3.86521457	3.93299408	3.85676774	4.17634918	0.319581446	0.402338517	100	0	0	0	3
124	731	0	1.45056041	3.86256493	3.92569677	3.85676774	4.15670918	0.299941443	0.402338517	100	0	0	0	3
125	736	0	1.46225848	3.86662879	3.91895072	3.85676774	4.14118282	0.284415079	0.402338517	100	0	0	0	3
126	742	0	1.47395654	3.86615378	3.91255469	3.85676774	4.12110035	0.264332607	0.402338517	100	0	0	0	3
127	747	0	1.48565461	3.8709803	3.90673795	3.85676774	4.10655126	0.249783521	0.402338517	100	0	0	0	3
128	753	0	1.49735268	3.87014186	3.90124006	3.85676774	4.08771566	0.230947918	0.402338517	100	0	0	0	3
129	758	0	1.50905075	3.87427412	3.8962763	3.85676774	4.07115025	0.214382511	0.402338517	100	0	0	0	3
130	764	0	1.52074882	3.87494626	3.89171342	3.85676774	4.05080012	0.194032384	0.402338517	100	0	0	0	3
131	769	0	1.53244688	3.87932431	3.88772561	3.85676774	4.0349908	0.178223064	0.402338517	100	0	0	0	3
132	775	0	1.54414495	3.88141663	3.88415411	3.85676774	4.01500274	0.158235005	0.402338517	100	0	0	0	3
133	781	0	1.55584302	3.88666792	3.88116958	3.85676774	3.99855632	0.141788586	0.402338517	100	0	0	0	3
134	786	0	1.56754109	3.88713567	3.87857841	3.85676774	3.97968386	0.122916123	0.402338517	100	0	0	0	3
135	792	0	1.57923915	3.89418489	3.87659006	3.85676774	3.96769704	0.110929304	0.402338517	100	0	0	0	3
136	797	0	1.59093722	3.89601118	3.87492294	3.85676774	3.94948017	0.0927124318	0.402338517	100	0	0	0	3
137	802	0	1.60263529	3.90203537	3.87381958	3.85676774	3.93750857	0.0807408318	0.402338517	100	0	0	0	3
138	808	0	1.61433336	3.90171807	3.87298724	3.85676774	3.92204675	0.0652790135	0.402338517	100	0	0	0	3
139	814	0	1.62603143	3.90776565	3.87265512	3.85676774	3.91440537	0.0576376275	0.402338517	100	0	0	0	3
140	819	0	1.63772949	3.90970759	3.87254587	3.85676774	3.90970759	0.0529398475	0.402338517	100	0	0	0	3
141	824	0	1.64942756	3.91379764	3.87286364	3.85676774	3.91379764	0.0570298996	0.402338517	100	0	0	0	3
142	830	0	1.66112563	3.91434417	3.87337107	3.85676774	3.91434417	0.0575764326	0.402338517	100	0	0	0	3
143	835	0	1.6728237	3.9189441	3.87428383	3.85676774	3.9189441	0.0621763654	0.402338517	100	0	0	0	3
144	841	0	1.68452176	3.91822449	3.87527222	3.85676774	3.9189441	0.0621763654	0.402338517	100	0	0	0	3
145	847	0	1.69621983	3.9226846	3.8765695	3.85676774	3.9226846	0.0659168599	0.402338517	100	0	0	0	3
146	852	0	1.7079179	3.92380911	3.87792387	3.85676774	3.92380911	0.0670413708	0.402338517	100	0	0	0	3
147	858	0	1.71961597	3.92815431	3.87948342	3.85676774	3.92815431	0.0713865712	0.402338517	100	0	0	0	3
148	863	0	1.73131404	3.92814039	3.88105647	3.85676774	3.92815431	0.0713865712	0.402338517	100	0	0	0	3
149	868	0	1.7430121	3.93293924	3.88281995	3.85676774	3.93293924	0.0761715	0.402338517	100	0	0	0	3
150	874	0	1.75471017	3.93421696	3.88456209	3.85676774	3.93421696	0.0774492173	0.402338517	100	0	0	0	3
151	880	0	1.76640824	3.93828593	3.88645786	3.85787999	3.93828593	0.080405933	0.402338517	100	0	0	0	3
152	885	0	1.77810631	3.94208424	3.8883633	3.85787999	3.94208424	0.0842042487	0.402338517	100	0	0	0	3
153	891	0	1.78980437	3.94651266	3.89039923	3.85787999	3.94651266	0.0886326631	0.402338517	100	0	0	0	3
154	896	0	1.80150244	3.94931367	3.89242458	3.85787999	3.94931367	0.0914336729	0.402338517	100	0	0	0	3
155	902	0	1.81320051	3.95496489	3.89462457	3.85787999	3.95496489	0.097084895	0.402338517	100	0	0	0	3
156	907	0	1.82489858	3.95674918	3.89682828	3.85787999	3.95674918	0.098869185	0.402338517	100	0	0	0	3
157	913	0	1.83659665	3.96181754	3.8992058	3.85787999	3.96181754	0.103937542	0.402338517	100	0	0	0	3
158	918	0	1.84829471	3.96317628	3.90157	3.85787999	3.96317628	0.10529629	0.402338517	100	0	0	0	3
159	924	0	1.85999278	3.96717501	3.9040706	3.85787999	3.96717501	0.109295011	0.402338517	100	0	0	0	3
160	930	0	1.87169085	3.96914049	3.90657825	3.85787999	3.96914049	0.102129206	0.402338517	100	0	0	0	3
161	935	0	1.88338892	3.9731589	3.90925916	3.85996632	3.9731589	0.0930968936	0.402338517	100	0	0	0	3
162	941	0	1.89508698	3.9742765	3.91189027	3.85996632	3.9742765	0.0843441456	0.402338517	100	0	0	0	3
163	946	0	1.90678505	3.97776506	3.91462977	3.86034323	3.97776506	0.0760309902	0.402338517	100	0	0	0	3
164	952	0	1.91848312	3.97740012	3.91730908	3.86034323	3.97776506	0.0679739219	0.402338517	100	0	0	0	3
165	957	0	1.93018119	3.98108513	3.92011703	3.86256493	3.98108513	0.0604482127	0.402338517	100	0	0	0	3
166	963	0	1.94187926	3.983021	3.92285672	3.86256493	3.983021	0.0531509044	0.402338517	100	0	0	0	3
167	969	0	1.95357732	3.986307	3.92573444	3.86615378	3.986307	0.0531885708	0.402338517	100	0	0	0	3
168	974	0	1.96527539	3.98758186	3.9285473	3.86615378	3.98758186	0.0560014329	0.402338517	100	0	0	0	3
169	980	0	1.97697346	3.99206253	3.93147541	3.87014186	3.99206253	0.0589295435	0.402338517	100	0	0	0	3
170	985	0	1.98867153	3.99171901	3.93428329	3.87014186	3.99206253	0.0617374206	0.402338517	100	0	0	0	3
171	991	0	2.0003696	3.99551147	3.93719886	3.87427412	3.99551147	0.0646529931	0.402338517	100	0	0	0	3
172	996	0	2.01206766	3.9951108	3.94000902	3.87494626	3.99551147	0.0674631484	0.402338517	100	0	0	0	3
173	1002	0	2.02376573	3.99830204	3.94287776	3.87932431	3.99830204	0.0703318874	0.402338517	100	0	0	0	3
174	1008	0	2.0354638	3.99846311	3.94564843	3.88141663	3.99846311	0.0731025572	0.402338517	100	0	0	0	3
175	1013	0	2.04716187	4.00207287	3.94845439	3.88666792	4.00207287	0.0759085162	0.402338517	100	0	0	0	3
176	1019	0	2.05885993	4.00196865	3.9511358	3.88713567	4.00207287	0.0785899284	0.402338517	100	0	0	0	3
177	1024	0	2.070558	4.00556659	3.95389001	3.89418489	4.00556659	0.081344136	0.402338517	100	0	0	0	3
178	1030	0	2.08225607	4.00596123	3.95648946	3.89601118	4.00596123	0.0839435858	0.402338517	100	0	0	0	3
179	1036	0	2.09395414	4.01059752	3.95915425	3.90171807	4.01059752	0.0866083845	0.402338517	100	0	0	0	3
180	1041	0	2.10565221	4.01005123	3.96166625	3.90171807	4.01059752	0.0891203813	0.402338517	100	0	0	0	3
181	1047	0	2.11735027	4.01537159	3.96430936	3.90776565	4.01537159	0.0917634865	0.402338517	100	0	0	0	3
182	1052	0	2.12904834	4.01434498	3.96678795	3.90970759	4.01537159	0.0942420754	0.402338517	100	0	0	0	3
183	1058	0	2.14074641	4.0176582	3.96929843	3.91379764	4.0176582	0.0964347897	0.402338517	100	0	0	0	3
184	1063	0	2.15244448	4.01713753	3.97170168	3.91434417	4.0176582	0.098330604	0.402338517	100	0	0	0	3
185	1069	0	2.16414254	4.02045567	3.97416939	3.91822449	4.02045567	0.0998855553	0.402338517	100	0	0	0	3
186	1075	0	2.17584061	4.01914924	3.97649974	3.91822449	4.02045567	0.101227519	0.402338517	100	0	0	0	3
187	1080	0	2.18753868	4.022475	3.97892417	3.9226846	4.022475	0.0997904025	0.402338517	100	0	0	0	3
188	1086	0	2.19923675	4.02020191	3.98119201	3.92380911	4.022475	0.0986658916	0.402338517	100	0	0	0	3
189	1091	0	2.21093482	4.02347506	3.98350983	3.92814039	4.02347506	0.0953346734	0.402338517	100	0	0	0	3
190	1097	0	2.22263288	4.02214523	3.98569566	3.92814039	4.02347506	0.0953346734	0.402338517	100	0	0	0	3
191	1102	0	2.23433095	4.02509208	3.98795035	3.93293924	4.02509208	0.0921528426	0.402338517	100	0	0	0	3
192	1108	0	2.24602902	4.02355993	3.99005781	3.93421696	4.02509208	0.0908751252	0.402338517	100	0	0	0	3
193	1113	0	2.25772709	4.02629757	3.99219922	3.93828593	4.02629757	0.0880116449	0.402338517	100	0	0	0	3
194	1119	0	2.26942515	4.02492176	3.99421401	3.94208424	4.02629757	0.0842133292	0.402338517	100	0	0	0	3
195	1125	0	2.28112322	4.02799645	3.99621197	3.94651266	4.02799645	0.0814837974	0.402338517	100	0	0	0	3
196	1130	0	2.29282129	4.02600677	3.99806067	3.94931367	4.02799645	0.0786827876	0.402338517	100	0	0	0	3
197	1136	0	2.30451936	4.02890984	3.99991174	3.95496489	4.02890984	0.0739449555	0.402338517	100	0	0	0	3
198	1142	0	2.31621743	4.02639859	4.00157299	3.95674918	4.02890984	0.0721606654	0.402338517	100	0	0	0	3
199	1147	0	2.32791549	4.0298589	4.00327321	3.96181754	4.0298589	0.0680413615	0.402338517	100	0	0	0	3
200	1153	0	2.33961356	4.0284419	4.00482262	3.96317628	4.0298589	0.066682613	0.402338517	100	0	0	0	3
201	1160	0	2.35131163	4.03199611	4.00642308	3.96717501	4.03199611	0.0648211066	0.402338517	100	0	0	0	3
202	1165	0	2.3630097	4.03045228	4.00789464	3.96914049	4.03199611	0.0628556266	0.402338517	100	0	0	0	3
203	1171	0	2.37470776	4.03232038	4.00936394	3.9731589	4.03232038	0.059161477	0.402338517	100	0	0	0	3
204	1177	0	2.38640583	4.02926331	4.0106687	3.9742765	4.03232038	0.0580438805	0.402338517	100	0	0	0	3
205	1182	0	2.3981039	4.03200024	4.01201111	3.97740012	4.03232038	0.0549202562	0.402338517	100	0	0	0	3
206	1188	0	2.40980197	4.02913492	4.01320576	3.97740012	4.03232038	0.0549202562	0.402338517	100	0	0	0	3
207	1193	0	2.42150004	4.03097581	4.0144517	3.98108513	4.03232038	0.0512352483	0.402338517	100	0	0	0	3
208	1199	0	2.4331981	4.0292023	4.01557071	3.983021	4.03232038	0.0492993728	0.402338517	100	0	0	0	3
209	1204	0	2.44489617	4.03093939	4.01668509	3.986307	4.03232038	0.0460133783	0.402338517	100	0	0	0	3
210	1210	0	2.45659424	4.02927194	4.01768427	3.98758186	4.03232038	0.0447385188	0.402338517	100	0	0	0	3
211	1216	0	2.46829231	4.03072439	4.01868759	3.99171901	4.03232038	0.0406013677	0.402338517	100	0	0	0	3
212	1221	0	2.47999038	4.02843698	4.01953351	3.99171901	4.03232038	0.0406013677	0.402338517	100	0	0	0	3
213	1227	0	2.49168844	4.03021486	4.02042876	3.9951108	4.03232038	0.0372095804	0.402338517	100	0	0	0	3
214	1232	0	2.50338651	4.02733796	4.02116891	3.9951108	4.03232038	0.0372095804	0.402338517	100	0	0	0	3
215	1238	0	2.51508458	4.02999383	4.02198014	3.99830204	4.03232038	0.0340183399	0.402338517	100	0	0	0	3
216	1244	0	2.52678265	4.02788084	4.02266802	3.99846311	4.03232038	0.0338572685	0.402338517	100	0	0	0	3
217	1249	0	2.53848071	4.03028694	4.02340811	4.00196865	4.03232038	0.0303517271	0.402338517	100	0	0	0	3
218	1255	0	2.55017878	4.02972031	4.02405107	4.00196865	4.03232038	0.0303517271	0.402338517	100	0	0	0	3
219	1260	0	2.56187685	4.03319449	4.02477726	4.00556659	4.03319449	0.0276279001	0.402338517	100	0	0	0	3
220	1266	0	2.57357492	4.03199663	4.02539191	4.00596123	4.03319449	0.0272332598	0.402338517	100	0	0	0	3
221	1271	0	2.58527299	4.03339363	4.02602987	4.01005123	4.03339363	0.0233423998	0.402338517	100	0	0	0	3
222	1277	0	2.59697105	4.02994895	4.0264799	4.01005123	4.03339363	0.0233423998	0.402338517	100	0	0	0	3
223	1283	0	2.60866912	4.03160306	4.02698111	4.01434498	4.03339363	0.0190486551	0.402338517	100	0	0	0	3
224	1288	0	2.62036719	4.02737318	4.02726022	4.01434498	4.03339363	0.0190486551	0.402338517	100	0	0	0	3
225	1294	0	2.63206526	4.03022191	4.02762945	4.01713753	4.03339363	0.016256106	0.402338517	100	0	0	0	3
226	1299	0	2.64376332	4.02804484	4.027871	4.01713753	4.03339363	0.016256106	0.402338517	100	0	0	0	3
227	1305	0	2.65546139	4.03081359	4.02818905	4.01914924	4.03339363	0.0142443921	0.402338517	100	0	0	0	3
228	1310	0	2.66715946	4.02868221	4.02838036	4.01914924	4.03339363	0.0142443921	0.402338517	100	0	0	0	3
229	1316	0	2.67885753	4.03178077	4.02867412	4.02020191	4.03339363	0.0131917229	0.402338517	100	0	0	0	3
230	1322	0	2.6905556	4.02980232	4.02884452	4.02020191	4.03339363	0.0131917229	0.402338517	100	0	0	0	3
231	1327	0	2.70225366	4.03294609	4.0291409	4.02214523	4.03339363	0.0112483998	0.402338517	100	0	0	0	3
232	1333	0	2.71395173	4.03077906	4.02931076	4.02214523	4.03339363	0.0112483998	0.402338517	100	0	0	0	3
233	1338	0	2.7256498	4.03315689	4.02956684	4.02355993	4.03339363	0.00983370359	0.402338517	100	0	0	0	3
234	1344	0	2.73734787	4.02972422	4.02967457	4.02355993	4.03339363	0.00983370359	0.402338517	100	0	0	0	3
235	1349	0	2.74904593	4.0314408	4.02985784	4.02492176	4.03339363	0.0084718745	0.402338517	100	0	0	0	3
236	1355	0	2.760744	4.02866093	4.0299128	4.02492176	4.03339363	0.0084718745	0.402338517	100	0	0	0	3
237	1361	0	2.77244207	4.03098348	4.03005377	4.02600677	4.03339363	0.00738686641	0.402338517	100	0	0	0	3
238	1366	0	2.78414014	4.02901478	4.03007746	4.02600677	4.03339363	0.00738686641	0.402338517	100	0	0	0	3
239	1372	0	2.79583821	4.0314051	4.030203	4.02639859	4.03339363	0.00699504417	0.402338517	100	0	0	0	3
240	1377	0	2.80753627	4.02837075	4.03019046	4.02639859	4.03339363	0.00699504417	0.402338517	100	0	0	0	3
241	1383	0	2.81923434	4.03250977	4.03033258	4.02733796	4.03339363	0.00605567374	0.402338517	100	0	0	0	3
242	1389	0	2.83093241	4.03177352	4.03037711	4.02733796	4.03339363	0.00605567374	0.402338517	100	0	0	0	3
243	1394	0	2.84263048	4.03513985	4.03053287	4.02733796	4.03513985	0.00780189376	0.402338517	100	0	0	0	3
244	1400	0	2.85432855	4.03344623	4.0305666	4.02733796	4.03513985	0.00780189376	0.402338517	100	0	0	0	3
245	1405	0	2.86602661	4.03601633	4.03069599	4.02733796	4.03601633	0.00867836975	0.402338517	100	0	0	0	3
246	1411	0	2.87772468	4.0337414	4.03072904	4.02733796	4.03601633	0.00867836975	0.402338517	100	0	0	0	3
247	1417	0	2.88942275	4.03673787	4.03090287	4.02733796	4.03673787	0.00939990971	0.402338517	100	0	0	0	3
248	1422	0	2.90112082	4.03482941	4.03096866	4.02733796	4.03673787	0.00939990971	0.402338517	100	0	0	0	3
249	1428	0	2.91281888	4.03734636	4.03115963	4.02733796	4.03734636	0.0100083981	0.402338517	100	0	0	0	3
250	1433	0	2.92451695	4.03529456	4.03126006	4.02733796	4.03734636	0.0100083981	0.402338517	100	0	0	0	3
251	1439	0	2.93621502	4.03848139	4.03147586	4.02733796	4.03848139	0.011143428	0.402338517	100	0	0	0	3
252	1445	0	2.94791309	4.03783405	4.0316362	4.02733796	4.03848139	0.011143428	0.402338517	100	0	0	0	3
253	1450	0	2.95961116	4.04128698	4.03191562	4.02733796	4.04128698	0.0132280281	0.402338517	100	0	0	0	3
254	1456	0	2.97130922	4.04009912	4.03213363	4.02733796	4.04128698	0.0126001277	0.402338517	100	0	0	0	3
255	1461	0	2.98300729	4.04285735	4.03246899	4.02733796	4.04285735	0.0120402331	0.402338517	100	0	0	0	3
256	1467	0	2.99470536	4.03972797	4.03269023	4.02733796	4.04285735	0.0115213173	0.402338517	100	0	0	0	3
257	1473	0	3.00640343	4.04168416	4.03302386	4.02737318	4.04285735	0.0110437165	0.402338517	100	0	0	0	3
258	1478	0	3.01810149	4.03825249	4.03321592	4.02737318	4.04285735	0.0105478993	0.402338517	100	0	0	0	3
259	1484	0	3.02979956	4.03971867	4.03349122	4.02737318	4.04285735	0.0100831086	0.402338517	100	0	0	0	3
260	1489	0	3.04149763	4.0357078	4.03361729	4.02737318	4.04285735	0.00956621115	0.402338517	100	0	0	0	3
261	1495	0	3.0531957	4.03818891	4.03381423	4.02737318	4.04285735	0.00903697292	0.402338517	100	0	0	0	3
262	1501	0	3.06489377	4.03431446	4.03384028	4.02737318	4.04285735	0.00844836654	0.402338517	100	0	0	0	3
263	1506	0	3.07659183	4.03614024	4.03393664	4.02737318	4.04285735	0.00790676678	0.402338517	100	0	0	0	3
264	1512	0	3.0882899	4.03310848	4.03393001	4.02737318	4.04285735	0.00745673354	0.402338517	100	0	0	0	3
265	1517	0	3.09998797	4.03636863	4.0340793	4.02737318	4.04285735	0.00709819158	0.402338517	100	0	0	0	3
266	1524	0	3.11168604	4.03389907	4.0341327	4.02737318	4.04285735	0.00687248038	0.402338517	100	0	0	0	3
267	1529	0	3.1233841	4.03718886	4.03436097	4.02804484	4.04285735	0.006731521	0.402338517	100	0	0	0	3
268	1535	0	3.13508217	4.03541454	4.03448173	4.02804484	4.04285735	0.00661073024	0.402338517	100	0	0	0	3
269	1540	0	3.14678024	4.0375467	4.0347027	4.02837075	4.04285735	0.00651365587	0.402338517	100	0	0	0	3
270	1546	0	3.15847831	4.03557029	4.03481332	4.02837075	4.04285735	0.00643296193	0.402338517	100	0	0	0	3
271	1552	0	3.17017638	4.03775846	4.0350244	4.02837075	4.04285735	0.00635028108	0.402338517	100	0	0	0	3
272	1557	0	3.18187444	4.03561081	4.03511347	4.02837075	4.04285735	0.00626894922	0.402338517	100	0	0	0	3
273	1563	0	3.19357251	4.03659258	4.03527138	4.02837075	4.04285735	0.00613048608	0.402338517	100	0	0	0	3
274	1568	0	3.20527058	4.03507676	4.03532093	4.02837075	4.04285735	0.006010176	0.402338517	100	0	0	0	3
275	1574	0	3.21696865	4.03661981	4.03545676	4.02837075	4.04285735	0.00588992235	0.402338517	100	0	0	0	3
276	1579	0	3.22866671	4.03427868	4.03548285	4.02837075	4.04285735	0.00580828637	0.402338517	100	0	0	0	3
277	1585	0	3.24036478	4.03613699	4.03563199	4.02837075	4.04285735	0.00577414447	0.402338517	100	0	0	0	3
278	1590	0	3.25206285	4.03374207	4.0356855	4.02837075	4.04285735	0.0057727005	0.402338517	100	0	0	0	3
279	1596	0	3.26376092	4.03622534	4.03586142	4.02837075	4.04285735	0.00580764667	0.402338517	100	0	0	0	3
280	1602	0	3.27545899	4.03401595	4.03593194	4.02837075	4.04285735	0.00585448698	0.402338517	100	0	0	0	3
281	1607	0	3.28715705	4.03713477	4.03612078	4.02837075	4.04285735	0.00593031827	0.402338517	100	0	0	0	3
282	1613	0	3.29885512	4.03506146	4.03620581	4.02837075	4.04285735	0.00601534992	0.402338517	100	0	0	0	3
283	1619	0	3.31055319	4.03819178	4.03643421	4.03177352	4.04285735	0.00610162547	0.402338517	100	0	0	0	3
284	1624	0	3.32225126	4.03513855	4.03649534	4.03177352	4.04285735	0.00611823384	0.402338517	100	0	0	0	3
285	1630	0	3.33394933	4.03720106	4.03662156	4.03310848	4.04285735	0.00608868959	0.402338517	100	0	0	0	3
286	1635	0	3.34564739	4.03535035	4.03662646	4.03310848	4.04285735	0.00605986109	0.402338517	100	0	0	0	3
287	1641	0	3.35734546	4.03808048	4.03673423	4.03310848	4.04285735	0.00603823783	0.402338517	100	0	0	0	3
288	1646	0	3.36904353	4.03517889	4.03671476	4.03310848	4.04285735	0.0060051909	0.402338517	100	0	0	0	3
289	1652	0	3.3807416	4.03718944	4.03679494	4.03310848	4.04285735	0.00589207588	0.402338517	100	0	0	0	3
290	1657	0	3.39243966	4.03537266	4.0367632	4.03310848	4.04285735	0.00582628112	0.402338517	100	0	0	0	3
291	1663	0	3.40413773	4.03708176	4.03681558	4.03310848	4.04285735	0.00565594878	0.402338517	100	0	0	0	3
292	1668	0	3.4158358	4.03491123	4.03675894	4.03310848	4.04285735	0.00555551254	0.402338517	100	0	0	0	3
293	1674	0	3.42753387	4.03704415	4.03679963	4.03310848	4.04285735	0.00533971976	0.402338517	100	0	0	0	3
294	1680	0	3.43923194	4.0354163	4.03672835	4.03310848	4.04285735	0.00517937866	0.402338517	100	0	0	0	3
295	1686	0	3.45093	4.03713169	4.03671202	4.03310848	4.04285735	0.00489995905	0.402338517	100	0	0	0	3
296	1691	0	3.46262807	4.03624203	4.03659469	4.03310848	4.04285735	0.00468194206	0.402338517	100	0	0	0	3
297	1697	0	3.47432614	4.03844162	4.03655615	4.03310848	4.04285735	0.00434658448	0.402338517	100	0	0	0	3
298	1702	0	3.48602421	4.03733065	4.03642762	4.03310848	4.04168416	0.00412534939	0.402338517	100	0	0	0	3
299	1708	0	3.49772227	4.03899981	4.03641068	4.03310848	4.04168416	0.00379171678	0.402338517	100	0	0	0	3
300	1713	0	3.50942034	4.03654435	4.03629115	4.03310848	4.03971867	0.00359965497	0.402338517	100	0	0	0	3
301	1720	0	3.52111841	4.03917525	4.03631261	4.03310848	4.03971867	0.00332435658	0.402338517	100	0	0	0	3
302	1726	0	3.53281648	4.03664062	4.03624103	4.03310848	4.03917525	0.00319829018	0.402338517	100	0	0	0	3
303	1733	0	3.54451455	4.03863864	4.03630919	4.03310848	4.03917525	0.00300134603	0.402338517	100	0	0	0	3
304	1742	0	3.55621261	4.03521115	4.03623994	4.03310848	4.03917525	0.00297530031	0.402338517	100	0	0	0	3
305	1748	0	3.56791068	4.0369701	4.0363017	4.03310848	4.03917525	0.00288556884	0.402338517	100	0	0	0	3
306	1754	0	3.57960875	4.03508528	4.03627717	4.03310848	4.03917525	0.00288556884	0.402338517	100	0	0	0	3
307	1760	0	3.59130682	4.03734445	4.03637568	4.03374207	4.03917525	0.00273627388	0.402338517	100	0	0	0	3
308	1766	0	3.60300488	4.03497415	4.03634325	4.03374207	4.03917525	0.0026828785	0.402338517	100	0	0	0	3
309	1772	0	3.61470295	4.03767233	4.036431	4.03374207	4.03917525	0.0024546069	0.402338517	100	0	0	0	3
310	1778	0	3.62640102	4.0368761	4.03642372	4.03374207	4.03917525	0.00233384796	0.402338517	100	0	0	0	3
311	1783	0	3.63809909	4.03874477	4.03650117	4.03374207	4.03917525	0.00211287445	0.402338517	100	0	0	0	3
312	1789	0	3.64979716	4.03718123	4.03649267	4.03374207	4.03917525	0.00200225336	0.402338517	100	0	0	0	3
313	1794	0	3.66149522	4.03872534	4.03656604	4.03374207	4.03917525	0.00179117777	0.402338517	100	0	0	0	3
314	1800	0	3.67319329	4.03717054	4.03655237	4.03374207	4.03917525	0.00170210693	0.402338517	100	0	0	0	3
315	1805	0	3.68489136	4.03984879	4.03665093	4.03374207	4.03984879	0.00154419376	0.402338517	100	0	0	0	3
316	1811	0	3.69658943	4.03903718	4.03670778	4.03374207	4.03984879	0.00149464339	0.402338517	100	0	0	0	3
317	1817	0	3.7082875	4.04196327	4.03686793	4.03374207	4.04196327	0.00141116791	0.402338517	100	0	0	0	3
318	1822	0	3.71998556	4.03953326	4.03693569	4.03374207	4.04196327	0.00145283418	0.402338517	100	0	0	0	3
319	1828	0	3.73168363	4.04366743	4.03715403	4.03374207	4.04366743	0.00152204313	0.402338517	100	0	0	0	3
320	1833	0	3.7433817	4.03985276	4.03724044	4.03374207	4.04366743	0.00155493854	0.402338517	100	0	0	0	3
321	1839	0	3.75507977	4.04237671	4.03744125	4.03401595	4.04366743	0.00157982762	0.402338517	100	0	0	0	3
322	1845	0	3.76677783	4.04096201	4.0375514	4.03401595	4.04366743	0.00161946033	0.402338517	100	0	0	0	3
323	1850	0	3.7784759	4.04340032	4.03776964	4.03491123	4.04366743	0.00164886453	0.402338517	100	0	0	0	3
324	1856	0	3.79017397	4.04309478	4.03790825	4.03491123	4.04366743	0.00170243757	0.402338517	100	0	0	0	3
325	1862	0	3.80187204	4.04673703	4.03817977	4.03491123	4.04673703	0.00193983384	0.402338517	100	0	0	0	3
326	1867	0	3.81357011	4.04585535	4.038358	4.03491123	4.04673703	0.00211805627	0.402338517	100	0	0	0	3
327	1873	0	3.82526817	4.04843515	4.03866722	4.03491123	4.04843515	0.00242727956	0.402338517	100	0	0	0	3
328	1878	0	3.83696624	4.04714321	4.03889843	4.03491123	4.04843515	0.00265849223	0.402338517	100	0	0	0	3
329	1884	0	3.84866431	4.04907101	4.03921752	4.03491123	4.04907101	0.00297757729	0.402338517	100	0	0	0	3
330	1891	0	3.86036238	4.04719665	4.03942952	4.03491123	4.04907101	0.00318958104	0.402338517	100	0	0	0	3
331	1896	0	3.87206044	4.04862943	4.03974232	4.03491123	4.04907101	0.00350238435	0.402338517	100	0	0	0	3
332	1902	0	3.88375851	4.04628927	4.03995395	4.03491123	4.04907101	0.00371400821	0.402338517	100	0	0	0	3
333	1908	0	3.89545658	4.04831079	4.04025483	4.03491123	4.04907101	0.00401489495	0.402338517	100	0	0	0	3
334	1913	0	3.90715465	4.04780761	4.04050427	4.03491123	4.04907101	0.0042643332	0.402338517	100	0	0	0	3
335	1919	0	3.91885272	4.05095977	4.04087749	4.03497415	4.05095977	0.00463755507	0.402338517	100	0	0	0	3
336	1924	0	3.93055078	4.04861701	4.04114663	4.03497415	4.05095977	0.00490669142	0.402338517	100	0	0	0	3
337	1930	0	3.94224885	4.05141939	4.0415188	4.03497415	4.05141939	0.00527885641	0.402338517	100	0	0	0	3
338	1935	0	3.95394692	4.05004225	4.04181904	4.03497415	4.05141939	0.00557910204	0.402338517	100	0	0	0	3
339	1941	0	3.96564499	4.05225619	4.04219146	4.03497415	4.05225619	0.00595152454	0.402338517	100	0	0	0	3
340	1947	0	3.97734305	4.05031144	4.04246751	4.03497415	4.05225619	0.00622756697	0.402338517	100	0	0	0	3
341	1953	0	3.98904112	4.0535412	4.0428445	4.03497415	4.0535412	0.00660455672	0.402338517	100	0	0	0	3
342	1958	0	4.00073919	4.05175669	4.04314117	4.03497415	4.0535412	0.00690122831	0.402338517	100	0	0	0	3
