Iteration	CPUTime	PhysTime	Travels	Value	AvValue	MinValue	MaxValue	Delta	Criteria	Progress	dGMaxMin	CriteriaType	CriteriaVarType	CriteriaPercentage
1	21	0	0.0116980678	293.200031	293.200031	293.200031	293.200031	0	0	0	0.0416385	0	0	3
2	27	0	0.0233961356	293.200037	293.200034	293.200031	293.200037	2.57205784e-006	0	0	0.0401405	0	0	3
3	36	0	0.0350942034	293.200039	293.200036	293.200031	293.200039	4.30969266e-006	0	0	0.0384468	0	0	3
4	47	0	0.0467922712	293.200042	293.200037	293.200031	293.200042	5.7924052e-006	0	0	0.0365689	0	0	3
5	58	0	0.058490339	293.200044	293.200039	293.200031	293.200044	7.17722605e-006	0	0	0.0355565	0	0	3
6	64	0	0.0701884068	293.200048	293.20004	293.200031	293.200048	8.81428679e-006	0	0	0.0339397	0	0	3
7	71	0	0.0818864747	293.200053	293.200042	293.200031	293.200053	1.06873599e-005	0	0	0.0324875	0	0	3
8	77	0	0.0935845425	293.200059	293.200044	293.200031	293.200059	1.27364896e-005	0	0	0.0324671	0	0	3
9	82	0	0.10528261	293.200064	293.200046	293.200031	293.200064	1.49055755e-005	0	0	0.0320893	0	0	3
10	88	0	0.116980678	293.200069	293.200049	293.200031	293.200069	1.71562437e-005	0	0	0.031491	0	0	3
11	93	0	0.128678746	293.200077	293.200051	293.200031	293.200077	1.97310125e-005	0	0	0.0303968	0	0	3
12	99	0	0.140376814	293.200085	293.200054	293.200031	293.200085	2.2545172e-005	0	0	0.0300154	0	0	3
13	105	0	0.152074882	293.200093	293.200057	293.200031	293.200093	2.55386625e-005	0	0	0.0304235	0	0	3
14	111	0	0.163772949	293.200101	293.20006	293.200031	293.200101	2.86695749e-005	0	0	0.0307523	0	0	3
15	116	0	0.175471017	293.200109	293.200063	293.200031	293.200109	3.19088825e-005	0	0	0.0308714	0	0	3
16	122	0	0.187169085	293.200121	293.200067	293.200031	293.200121	3.54847512e-005	0	0	0.0344519	0	0	3
17	127	0	0.198867153	293.200132	293.200071	293.200031	293.200132	3.9328858e-005	0	0	0.0473684	0	0	3
18	133	0	0.210565221	293.200144	293.200075	293.200031	293.200144	4.33780108e-005	0	0	0.0597057	0	0	3
19	138	0	0.222263288	293.200155	293.200079	293.200031	293.200155	4.75896742e-005	0	0	0.068947	0	0	3
20	144	0	0.233961356	293.200166	293.200083	293.200031	293.200166	5.19334575e-005	0	0	0.078448	0	0	3
21	149	0	0.245659424	293.200182	293.200088	293.200031	293.200182	5.66491201e-005	0	0	0.089674	0	0	3
22	155	0	0.257357492	293.200199	293.200093	293.200031	293.200199	6.16757227e-005	0	0	0.102681	0	0	3
23	161	0	0.26905556	293.200215	293.200098	293.200031	293.200215	6.69612527e-005	0	0	0.109014	0	0	3
24	166	0	0.280753627	293.200231	293.200104	293.200031	293.200231	7.24705215e-005	0	0	0.118267	0	0	3
25	172	0	0.292451695	293.200246	293.20011	293.200031	293.200246	7.8169377e-005	0	0	0.119575	0	0	3
26	177	0	0.304149763	293.20027	293.200116	293.200031	293.20027	8.43397964e-005	0	0	0.127781	0	0	3
27	183	0	0.315847831	293.200293	293.200122	293.200031	293.200293	9.09156021e-005	0	0	0.12753	0	0	3
28	188	0	0.327545899	293.200316	293.200129	293.200031	293.200316	9.78476192e-005	0	0	0.13468	0	0	3
29	194	0	0.339243966	293.200339	293.200137	293.200031	293.200339	0.000105086338	0	0	0.135337	0	0	3
30	199	0	0.350942034	293.200362	293.200144	293.200031	293.200362	0.000112593165	0	0	0.141795	0	0	3
31	205	0	0.362640102	293.200395	293.200152	293.200031	293.200395	0.000120681863	0	0	0.142622	0	0	3
32	211	0	0.37433817	293.200427	293.200161	293.200031	293.200427	0.000129270865	0	0	0.148975	0	0	3
33	216	0	0.386036238	293.200458	293.20017	293.200031	293.200458	0.000138273612	0	0	0.147062	0	0	3
34	222	0	0.397734305	293.200487	293.200179	293.200031	293.200487	0.000147618286	0	0	0.152283	0	0	3
35	228	0	0.409432373	293.200515	293.200189	293.200031	293.200515	0.000157228423	0	0	0.15105	0	0	3
36	233	0	0.421130441	293.200554	293.200199	293.200031	293.200554	0.000167383042	0	0	0.156807	0	0	3
37	239	0	0.432828509	293.20059	293.200209	293.200031	293.20059	0.000177945117	0	0	0.155465	0	0	3
38	244	0	0.444526577	293.200622	293.20022	293.200031	293.200622	0.000188804516	0	0	0.160728	0	0	3
39	250	0	0.456224645	293.200651	293.200231	293.200031	293.200651	0.000199857291	0	0	0.157979	0	0	3
40	256	0	0.467922712	293.200678	293.200242	293.200031	293.200678	0.000211023	0	0	0.161746	0	0	3
41	262	0	0.47962078	293.200711	293.200254	293.200031	293.200711	0.000222454562	0	0	0.161315	0	0	3
42	267	0	0.491318848	293.20074	293.200265	293.200031	293.20074	0.000234022842	0	0	0.16423	0	0	3
43	273	0	0.503016916	293.200764	293.200277	293.200031	293.200764	0.00024562046	0	0	0.161816	0	0	3
44	279	0	0.514714984	293.200785	293.200295	293.200037	293.200785	0.000260575506	0	0	0.16403	0	0	3
45	284	0	0.526413051	293.200803	293.200312	293.200039	293.200803	0.000276658398	0	0	0.16069	0	0	3
46	290	0	0.538111119	293.200818	293.200331	293.200042	293.200818	0.000293285574	0	0	0.162122	0	0	3
47	296	0	0.549809187	293.200831	293.200349	293.200044	293.200831	0.000310246144	0	0	0.157392	0	0	3
48	301	0	0.561507255	293.200841	293.200367	293.200048	293.200841	0.000327139572	0	0	0.157904	0	0	3
49	307	0	0.573205323	293.200849	293.200386	293.200053	293.200849	0.000343893764	0	0	0.152327	0	0	3
50	313	0	0.58490339	293.200856	293.200405	293.200059	293.200856	0.000360518165	0	0	0.152958	0	0	3
51	318	0	0.596601458	293.200862	293.200423	293.200064	293.200862	0.000377027989	0	0	0.148422	0	0	3
52	324	0	0.608299526	293.200866	293.200442	293.200069	293.200866	0.000393432855	0	0	0.148725	0	0	3
53	330	0	0.619997594	293.200869	293.200461	293.200077	293.200869	0.000409465913	0	0	0.14466	0	0	3
54	336	0	0.631695662	293.200871	293.200479	293.200085	293.200871	0.000425124515	0	0	0.144708	0	0	3
55	341	0	0.643393729	293.200873	293.200497	293.200093	293.200873	0.00044045168	0	0	0.141503	0	0	3
56	347	0	0.655091797	293.200874	293.200516	293.200101	293.200874	0.00045547896	0	0	0.141539	0	0	3
57	353	0	0.666789865	293.200874	293.200534	293.200109	293.200874	0.000470224875	0	0	0.137892	0	0	3
58	358	0	0.678487933	293.200874	293.200551	293.200121	293.200874	0.000484453777	0	0	0.137876	0	0	3
59	364	0	0.690186001	293.200874	293.200569	293.200132	293.200874	0.000498132567	0	0	0.142343	0	0	3
60	370	0	0.701884068	293.200874	293.200586	293.200144	293.200874	0.000511325865	0	0	0.142953	0	0	3
61	375	0	0.713582136	293.200873	293.200603	293.200155	293.200874	0.00052407693	0	0	0.143454	0	0	3
62	381	0	0.725280204	293.200872	293.20062	293.200166	293.200874	0.000536420227	0	0	0.142596	0	0	3
63	386	0	0.736978272	293.200871	293.200636	293.200182	293.200874	0.00054811317	0	0	0.14186	0	0	3
64	392	0	0.74867634	293.200871	293.200652	293.200199	293.200874	0.000559089884	0	0	0.140025	0	0	3
65	397	0	0.760374408	293.200869	293.200668	293.200215	293.200874	0.00056940297	0	0	0.138787	0	0	3
66	403	0	0.772072475	293.200868	293.200683	293.200231	293.200874	0.000579094098	0	0	0.137513	0	0	3
67	408	0	0.783770543	293.200867	293.200698	293.200246	293.200874	0.000588194288	0	0	0.136335	0	0	3
68	414	0	0.795468611	293.200866	293.200712	293.20027	293.200874	0.000596427322	0	0	0.1353	0	0	3
69	419	0	0.807166679	293.200864	293.200726	293.200293	293.200874	0.000580977775	0	0	0.134226	0	0	3
70	425	0	0.818864747	293.200863	293.200739	293.200316	293.200874	0.000557852244	0	0	0.133372	0	0	3
71	431	0	0.830562814	293.200861	293.200752	293.200339	293.200874	0.000535093865	0	0	0.132303	0	0	3
72	436	0	0.842260882	293.20086	293.200764	293.200362	293.200874	0.000512573188	0	0	0.131745	0	0	3
73	442	0	0.85395895	293.200858	293.200776	293.200395	293.200874	0.000479521521	0	0	0.130055	0	0	3
74	447	0	0.865657018	293.200857	293.200786	293.200427	293.200874	0.000447334391	0	0	0.129136	0	0	3
75	453	0	0.877355086	293.200855	293.200796	293.200458	293.200874	0.000416502805	0	0	0.128115	0	0	3
76	458	0	0.889053153	293.200853	293.200805	293.200487	293.200874	0.0003868718	0	0	0.127371	0	0	3
77	464	0	0.900751221	293.200851	293.200814	293.200515	293.200874	0.00035889123	0	0	0.125799	0	0	3
78	470	0	0.912449289	293.200849	293.200822	293.200554	293.200874	0.000320069648	0	0	0.124744	0	0	3
79	475	0	0.924147357	293.200847	293.200829	293.20059	293.200874	0.000284684499	0	0	0.122982	0	0	3
80	481	0	0.935845425	293.200845	293.200834	293.200622	293.200874	0.000252262048	0	0	0.122052	0	0	3
81	487	0	0.947543492	293.200843	293.20084	293.200651	293.200874	0.000223001563	0	0	0.120639	0	0	3
82	492	0	0.95924156	293.200841	293.200844	293.200678	293.200874	0.000196378675	0	0	0.119797	0	0	3
83	498	0	0.970939628	293.200838	293.200848	293.200711	293.200874	0.000163147295	0	0	0.118117	0	0	3
84	504	0	0.982637696	293.200836	293.200851	293.20074	293.200874	0.000134541986	0	0	0.116938	0	0	3
85	509	0	0.994335764	293.200833	293.200853	293.200764	293.200874	0.00011014393	0	0	0.115265	0	0	3
86	515	0	1.00603383	293.200831	293.200854	293.200785	293.200874	8.91988537e-005	2.50523809e-005	0	0.114239	0	0	3
87	520	0	1.0177319	293.200828	293.200855	293.200803	293.200874	7.14375474e-005	2.50523809e-005	0	0.113429	0	0	3
88	526	0	1.02942997	293.200825	293.200856	293.200818	293.200874	5.63541549e-005	2.50523809e-005	0	0.112799	0	0	3
89	532	0	1.04112803	293.200822	293.200856	293.200822	293.200874	5.19581955e-005	2.50523809e-005	0	0.111431	0	0	3
90	537	0	1.0528261	293.20082	293.200856	293.20082	293.200874	5.47646766e-005	2.50523809e-005	0	0.110614	0	0	3
91	543	0	1.06452417	293.200817	293.200855	293.200817	293.200874	5.77941265e-005	2.50523809e-005	0	0.109375	0	0	3
92	549	0	1.07622224	293.200814	293.200854	293.200814	293.200874	6.06136444e-005	2.50523809e-005	0	0.108148	0	0	3
93	554	0	1.08792031	293.200811	293.200853	293.200811	293.200874	6.33340987e-005	2.50523809e-005	0	0.106799	0	0	3
94	560	0	1.09961837	293.200808	293.200852	293.200808	293.200874	6.60583333e-005	2.50523809e-005	0	0.105797	0	0	3
95	565	0	1.11131644	293.200806	293.200851	293.200806	293.200874	6.86280869e-005	2.50523809e-005	0	0.104612	0	0	3
96	571	0	1.12301451	293.200803	293.200849	293.200803	293.200874	7.09939308e-005	2.50523809e-005	0	0.103745	0	0	3
97	577	0	1.13471258	293.200801	293.200848	293.200801	293.200874	7.3121486e-005	2.50523809e-005	0	0.102626	0	0	3
98	582	0	1.14641065	293.200799	293.200846	293.200799	293.200874	7.51651041e-005	2.50523809e-005	0	0.101908	0	0	3
99	588	0	1.15810871	293.200797	293.200844	293.200797	293.200874	7.69575956e-005	2.50523809e-005	0	0.100885	0	0	3
100	594	0	1.16980678	293.200796	293.200842	293.200796	293.200874	7.85522694e-005	2.50523809e-005	0	0.100236	0	0	3
101	601	0	1.18150485	293.200794	293.20084	293.200794	293.200874	7.96211633e-005	2.50523809e-005	0	0.0993137	0	0	3
102	606	0	1.19320292	293.200793	293.200838	293.200793	293.200874	8.03463743e-005	2.50523809e-005	0	0.0987272	0	0	3
103	612	0	1.20490098	293.200792	293.200837	293.200792	293.200873	8.05651218e-005	2.50523809e-005	0	0.092341	0	0	3
104	618	0	1.21659905	293.200792	293.200835	293.200792	293.200872	8.04209685e-005	2.50523809e-005	0	0.0923308	0	0	3
105	624	0	1.22829712	293.200792	293.200833	293.200792	293.200871	7.99555503e-005	2.50523809e-005	0	0.0892301	0	0	3
106	629	0	1.23999519	293.200791	293.200831	293.200791	293.200871	7.91654948e-005	2.50523809e-005	0	0.0900602	0	0	3
107	635	0	1.25169326	293.200791	293.200829	293.200791	293.200869	7.80354017e-005	2.50523809e-005	0	0.0857155	0	0	3
108	640	0	1.26339132	293.200792	293.200827	293.200791	293.200868	7.69205096e-005	2.50523809e-005	0	0.0873405	0	0	3
109	646	0	1.27508939	293.200792	293.200826	293.200791	293.200867	7.56031882e-005	2.50523809e-005	0	0.0833234	0	0	3
110	652	0	1.28678746	293.200793	293.200824	293.200791	293.200866	7.43509699e-005	2.50523809e-005	0	0.0855699	0	0	3
111	657	0	1.29848553	293.200793	293.200822	293.200791	293.200864	7.29109273e-005	2.50523809e-005	0	0.0815759	0	0	3
112	663	0	1.31018359	293.200794	293.20082	293.200791	293.200863	7.15197562e-005	2.50523809e-005	0	0.0841534	0	0	3
113	669	0	1.32188166	293.200795	293.200819	293.200791	293.200861	6.99813503e-005	2.50523809e-005	0	0.0795675	0	0	3
114	675	0	1.33357973	293.200795	293.200817	293.200791	293.20086	6.85006729e-005	2.50523809e-005	0	0.0834163	0	0	3
115	680	0	1.3452778	293.200796	293.200816	293.200791	293.200858	6.68631244e-005	2.50523809e-005	0	0.0921319	0	0	3
116	686	0	1.35697587	293.200797	293.200814	293.200791	293.200857	6.53010716e-005	2.50523809e-005	0	0.102923	0	0	3
117	692	0	1.36867393	293.200797	293.200813	293.200791	293.200855	5.97142629e-005	2.50523809e-005	0	0.108517	0	0	3
118	697	0	1.380372	293.200798	293.200812	293.200791	293.200853	5.05192189e-005	2.50523809e-005	0	0.113876	0	0	3
119	703	0	1.39207007	293.200798	293.20081	293.200791	293.200851	4.55503034e-005	2.50523809e-005	0	0.114889	0	0	3
120	708	0	1.40376814	293.200799	293.200809	293.200791	293.200849	4.67718131e-005	2.50523809e-005	0	0.112685	0	0	3
121	714	0	1.4154662	293.200799	293.200808	293.200791	293.200847	4.79404044e-005	2.50523809e-005	0	0.110776	0	0	3
122	720	0	1.42716427	293.2008	293.200807	293.200791	293.200845	4.90511419e-005	2.50523809e-005	0	0.106646	0	0	3
123	725	0	1.43886234	293.2008	293.200806	293.200791	293.200843	5.01063041e-005	2.50523809e-005	0	0.104646	0	0	3
124	731	0	1.45056041	293.2008	293.200805	293.200791	293.200841	4.94769987e-005	2.50523809e-005	0	0.100742	0	0	3
125	736	0	1.46225848	293.200801	293.200804	293.200791	293.200838	4.70379997e-005	2.50523809e-005	0	0.0995446	0	0	3
126	742	0	1.47395654	293.200801	293.200803	293.200791	293.200836	4.4574021e-005	2.50523809e-005	0	0.0964196	0	0	3
127	747	0	1.48565461	293.200801	293.200802	293.200791	293.200833	4.19622624e-005	2.50523809e-005	0	0.0959999	0	0	3
128	753	0	1.49735268	293.200802	293.200802	293.200791	293.200831	3.93865263e-005	2.50523809e-005	0	0.0935028	0	0	3
129	758	0	1.50905075	293.200802	293.200801	293.200791	293.200828	3.65234635e-005	2.50523809e-005	0	0.0936001	0	0	3
130	764	0	1.52074882	293.200802	293.2008	293.200791	293.200825	3.38582449e-005	2.50523809e-005	0	0.0915312	0	0	3
131	769	0	1.53244688	293.200803	293.2008	293.200791	293.200822	3.09666625e-005	2.50523809e-005	0	0.0919268	0	0	3
132	775	0	1.54414495	293.200803	293.200799	293.200791	293.20082	2.81601814e-005	2.50523809e-005	0	0.0901408	0	0	3
133	781	0	1.55584302	293.200803	293.200799	293.200791	293.200817	2.51307316e-005	2.50523809e-005	0	0.0906672	0	0	3
134	786	0	1.56754109	293.200804	293.200799	293.200791	293.200814	2.23112136e-005	2.50523809e-005	0	0.0889879	0	0	3
135	792	0	1.57923915	293.200804	293.200798	293.200791	293.200811	1.95907593e-005	2.50523809e-005	0	0.0895303	0	0	3
136	797	0	1.59093722	293.200805	293.200798	293.200791	293.200808	1.68665247e-005	2.50523809e-005	0	0.0877726	0	0	3
137	802	0	1.60263529	293.200805	293.200798	293.200791	293.200806	1.42967711e-005	2.50523809e-005	0	0.0884151	0	0	3
138	808	0	1.61433336	293.200805	293.200798	293.200791	293.200805	1.37940751e-005	2.50523809e-005	0	0.086839	0	0	3
139	814	0	1.62603143	293.200806	293.200798	293.200791	293.200806	1.41127123e-005	2.50523809e-005	0	0.0872298	0	0	3
140	819	0	1.63772949	293.200806	293.200798	293.200791	293.200806	1.44360048e-005	2.50523809e-005	0	0.0854349	0	0	3
141	824	0	1.64942756	293.200806	293.200799	293.200791	293.200806	1.46043847e-005	2.50523809e-005	0	0.0859159	0	0	3
142	830	0	1.66112563	293.200806	293.200799	293.200791	293.200806	1.48144807e-005	2.50523809e-005	0	0.084203	0	0	3
143	835	0	1.6728237	293.200806	293.200799	293.200791	293.200806	1.5002348e-005	2.50523809e-005	0	0.0844742	0	0	3
144	841	0	1.68452176	293.200807	293.200799	293.200791	293.200807	1.51292591e-005	2.50523809e-005	0	0.0826836	0	0	3
145	847	0	1.69621983	293.200807	293.2008	293.200791	293.200807	1.52754702e-005	2.50523809e-005	0	0.0831191	0	0	3
146	852	0	1.7079179	293.200807	293.2008	293.200791	293.200807	1.53880789e-005	2.50523809e-005	0	0.0814048	0	0	3
147	858	0	1.71961597	293.200807	293.2008	293.200791	293.200807	1.54431e-005	2.50523809e-005	0	0.0818204	0	0	3
148	863	0	1.73131404	293.200807	293.200801	293.200791	293.200807	1.55158443e-005	2.50523809e-005	0	0.0802056	0	0	3
149	868	0	1.7430121	293.200807	293.200801	293.200791	293.200807	1.55200277e-005	2.50523809e-005	0	0.0804822	0	0	3
150	874	0	1.75471017	293.200807	293.200801	293.200792	293.200807	1.53191536e-005	2.50523809e-005	0	0.0787634	0	0	3
151	880	0	1.76640824	293.200807	293.200802	293.200792	293.200807	1.49655065e-005	2.50523809e-005	0	0.0789875	0	0	3
152	885	0	1.77810631	293.200807	293.200802	293.200793	293.200807	1.44319971e-005	2.50523809e-005	0	0.0773063	0	0	3
153	891	0	1.78980437	293.200807	293.200802	293.200793	293.200807	1.38886797e-005	2.50523809e-005	0	0.0775295	0	0	3
154	896	0	1.80150244	293.200807	293.200803	293.200794	293.200807	1.31750629e-005	2.50523809e-005	0	0.0759219	0	0	3
155	902	0	1.81320051	293.200807	293.200803	293.200795	293.200807	1.24962128e-005	2.50523809e-005	0	0.0761856	0	0	3
156	907	0	1.82489858	293.200807	293.200803	293.200795	293.200807	1.18203977e-005	2.50523809e-005	0	0.0746462	0	0	3
157	913	0	1.83659665	293.200807	293.200804	293.200796	293.200807	1.11616358e-005	2.50523809e-005	0	0.0749445	0	0	3
158	918	0	1.84829471	293.200807	293.200804	293.200797	293.200807	1.05905773e-005	2.50523809e-005	0	0.0734803	0	0	3
159	924	0	1.85999278	293.200807	293.200804	293.200797	293.200807	1.00135981e-005	2.50523809e-005	0	0.0738013	0	0	3
160	930	0	1.87169085	293.200807	293.200804	293.200798	293.200807	9.52899774e-006	2.50523809e-005	0	0.0723739	0	0	3
161	935	0	1.88338892	293.200807	293.200805	293.200798	293.200807	9.02255408e-006	2.50523809e-005	0	0.07269	0	0	3
162	941	0	1.89508698	293.200807	293.200805	293.200799	293.200807	8.60067087e-006	2.50523809e-005	0	0.0713042	0	0	3
163	946	0	1.90678505	293.200807	293.200805	293.200799	293.200807	8.20054692e-006	2.50523809e-005	0	0.071628	0	0	3
164	952	0	1.91848312	293.200807	293.200805	293.2008	293.200807	7.78105067e-006	2.50523809e-005	0	0.0702819	0	0	3
165	957	0	1.93018119	293.200807	293.200805	293.2008	293.200807	7.4375626e-006	2.50523809e-005	0	0.0705871	0	0	3
166	963	0	1.94187926	293.200807	293.200805	293.2008	293.200807	7.07636042e-006	2.50523809e-005	0	0.0692423	0	0	3
167	969	0	1.95357732	293.200807	293.200806	293.200801	293.200807	6.75210714e-006	2.50523809e-005	0	0.0695362	0	0	3
168	974	0	1.96527539	293.200807	293.200806	293.200801	293.200807	6.40985041e-006	2.50523809e-005	0	0.0682319	0	0	3
169	980	0	1.97697346	293.200807	293.200806	293.200801	293.200807	6.08825309e-006	2.50523809e-005	0	0.0685243	0	0	3
170	985	0	1.98867153	293.200807	293.200806	293.200802	293.200807	5.73995521e-006	2.50523809e-005	0	0.0672367	0	0	3
171	991	0	2.0003696	293.200807	293.200806	293.200802	293.200807	5.4224285e-006	2.50523809e-005	0	0.067517	0	0	3
172	996	0	2.01206766	293.200807	293.200806	293.200802	293.200807	5.06341831e-006	2.50523809e-005	0	0.0662548	0	0	3
173	1002	0	2.02376573	293.200807	293.200806	293.200803	293.200807	4.67660732e-006	2.50523809e-005	0	0.0665527	0	0	3
174	1008	0	2.0354638	293.200807	293.200806	293.200803	293.200807	4.29416571e-006	2.50523809e-005	0	0.0653018	0	0	3
175	1013	0	2.04716187	293.200807	293.200807	293.200803	293.200807	3.92519149e-006	2.50523809e-005	0	0.065497	0	0	3
176	1019	0	2.05885993	293.200807	293.200807	293.200804	293.200807	3.58665511e-006	2.50523809e-005	0	0.0640557	0	0	3
177	1024	0	2.070558	293.200807	293.200807	293.200804	293.200807	3.21622639e-006	2.50523809e-005	0	0.0643142	0	0	3
178	1030	0	2.08225607	293.200807	293.200807	293.200805	293.200807	2.83534422e-006	2.50523809e-005	0	0.0629651	0	0	3
179	1036	0	2.09395414	293.200807	293.200807	293.200805	293.200807	2.51584515e-006	2.50523809e-005	0	0.0632259	0	0	3
180	1041	0	2.10565221	293.200807	293.200807	293.200805	293.200807	2.20368753e-006	2.50523809e-005	0	0.0619811	0	0	3
181	1047	0	2.11735027	293.200807	293.200807	293.200806	293.200807	1.88505032e-006	2.50523809e-005	0	0.0623268	0	0	3
182	1052	0	2.12904834	293.200807	293.200807	293.200806	293.200807	1.56175787e-006	2.50523809e-005	0	0.0611713	0	0	3
183	1058	0	2.14074641	293.200807	293.200807	293.200806	293.200807	1.393378e-006	2.50523809e-005	0	0.0615403	0	0	3
184	1063	0	2.15244448	293.200807	293.200807	293.200806	293.200807	1.183282e-006	2.50523809e-005	0	0.0604361	0	0	3
185	1069	0	2.16414254	293.200807	293.200807	293.200806	293.200807	9.95414666e-007	2.50523809e-005	0	0.0608206	0	0	3
186	1075	0	2.17584061	293.200807	293.200807	293.200807	293.200807	8.68503605e-007	2.50523809e-005	0	0.0598134	0	0	3
187	1080	0	2.18753868	293.200807	293.200807	293.200807	293.200807	7.22292498e-007	2.50523809e-005	0	0.0601739	0	0	3
188	1086	0	2.19923675	293.200807	293.200807	293.200807	293.200807	6.64423908e-007	2.50523809e-005	0	0.0591581	0	0	3
189	1091	0	2.21093482	293.200807	293.200807	293.200807	293.200807	6.64423908e-007	2.50523809e-005	0	0.0594935	0	0	3
190	1097	0	2.22263288	293.200807	293.200807	293.200807	293.200807	6.64423908e-007	2.50523809e-005	0	0.0584761	0	0	3
191	1102	0	2.23433095	293.200807	293.200807	293.200807	293.200807	6.64423908e-007	2.50523809e-005	0	0.0587898	0	0	3
192	1108	0	2.24602902	293.200807	293.200807	293.200807	293.200807	6.64423908e-007	2.50523809e-005	0	0.0577731	0	0	3
193	1113	0	2.25772709	293.200807	293.200807	293.200807	293.200807	7.00923579e-007	2.50523809e-005	0	0.0580716	0	0	3
194	1119	0	2.26942515	293.200807	293.200807	293.200807	293.200807	7.00923579e-007	2.50523809e-005	0	0.0570631	0	0	3
195	1125	0	2.28112322	293.200807	293.200807	293.200807	293.200807	7.5474594e-007	2.50523809e-005	0	0.0573558	0	0	3
196	1130	0	2.29282129	293.200807	293.200807	293.200807	293.200807	7.5474594e-007	2.50523809e-005	0	0.0563647	0	0	3
197	1136	0	2.30451936	293.200807	293.200807	293.200807	293.200807	8.19424031e-007	2.50523809e-005	0	0.0566463	0	0	3
198	1142	0	2.31621743	293.200807	293.200807	293.200807	293.200807	8.6003439e-007	2.50523809e-005	0	0.0556564	0	0	3
199	1147	0	2.32791549	293.200806	293.200807	293.200806	293.200807	9.28749671e-007	2.50523809e-005	0	0.0559231	0	0	3
200	1153	0	2.33961356	293.200806	293.200807	293.200806	293.200807	9.38831533e-007	2.50523809e-005	0	0.054941	0	0	3
201	1160	0	2.35131163	293.200806	293.200807	293.200806	293.200807	9.81783842e-007	2.50523809e-005	0	0.0551971	0	0	3
202	1165	0	2.3630097	293.200806	293.200807	293.200806	293.200807	9.83483801e-007	2.50523809e-005	0	0.0542419	0	0	3
203	1171	0	2.37470776	293.200806	293.200807	293.200806	293.200807	1.04814762e-006	2.50523809e-005	0	0.0545111	0	0	3
204	1177	0	2.38640583	293.200806	293.200807	293.200806	293.200807	1.01886883e-006	2.50523809e-005	0	0.0535861	0	0	3
205	1182	0	2.3981039	293.200806	293.200807	293.200806	293.200807	9.69782946e-007	2.50523809e-005	0	0.05386	0	0	3
206	1188	0	2.40980197	293.200806	293.200807	293.200806	293.200807	8.86774046e-007	2.50523809e-005	0	0.0529537	0	0	3
207	1193	0	2.42150004	293.200806	293.200807	293.200806	293.200807	9.43836994e-007	2.50523809e-005	0	0.0532172	0	0	3
208	1199	0	2.4331981	293.200806	293.200807	293.200806	293.200807	8.97967197e-007	2.50523809e-005	0	0.0523346	0	0	3
209	1204	0	2.44489617	293.200806	293.200807	293.200806	293.200807	9.50768595e-007	2.50523809e-005	0	0.0526106	0	0	3
210	1210	0	2.45659424	293.200806	293.200807	293.200806	293.200807	9.51564175e-007	2.50523809e-005	0	0.0517383	0	0	3
211	1216	0	2.46829231	293.200806	293.200807	293.200806	293.200807	1.03251466e-006	2.50523809e-005	0	0.0520121	0	0	3
212	1221	0	2.47999038	293.200806	293.200807	293.200806	293.200807	9.78853677e-007	2.50523809e-005	0	0.0511492	0	0	3
213	1227	0	2.49168844	293.200806	293.200807	293.200806	293.200807	8.54461973e-007	2.50523809e-005	0	0.0513994	0	0	3
214	1232	0	2.50338651	293.200806	293.200807	293.200806	293.200807	7.37645053e-007	2.50523809e-005	0	0.0505517	0	0	3
215	1238	0	2.51508458	293.200806	293.200807	293.200806	293.200807	6.29791884e-007	2.50523809e-005	0	0.0508105	0	0	3
216	1244	0	2.52678265	293.200806	293.200807	293.200806	293.200807	5.31967544e-007	2.50523809e-005	0	0.0499931	0	0	3
217	1249	0	2.53848071	293.200806	293.200806	293.200806	293.200807	5.19939817e-007	2.50523809e-005	0	0.0502547	0	0	3
218	1255	0	2.55017878	293.200806	293.200806	293.200806	293.200807	5.41928557e-007	2.50523809e-005	0	0.0494545	0	0	3
219	1260	0	2.56187685	293.200806	293.200806	293.200806	293.200807	5.6242834e-007	2.50523809e-005	0	0.0497249	0	0	3
220	1266	0	2.57357492	293.200806	293.200806	293.200806	293.200807	5.8034675e-007	2.50523809e-005	0	0.0489517	0	0	3
221	1271	0	2.58527299	293.200806	293.200806	293.200806	293.200807	5.97560245e-007	2.50523809e-005	0	0.049224	0	0	3
222	1277	0	2.59697105	293.200806	293.200806	293.200806	293.200807	6.14898113e-007	2.50523809e-005	0	0.0484722	0	0	3
223	1283	0	2.60866912	293.200806	293.200806	293.200806	293.200807	6.33125239e-007	2.50523809e-005	0	0.0494036	0	0	3
224	1288	0	2.62036719	293.200806	293.200806	293.200806	293.200807	6.52718882e-007	2.50523809e-005	0	0.0502918	0	0	3
225	1294	0	2.63206526	293.200806	293.200806	293.200806	293.200807	6.738004e-007	2.50523809e-005	0	0.0514709	0	0	3
226	1299	0	2.64376332	293.200806	293.200806	293.200806	293.200807	6.9540323e-007	2.50523809e-005	0	0.0524219	0	0	3
227	1305	0	2.65546139	293.200806	293.200806	293.200806	293.200807	7.2040001e-007	2.50523809e-005	0	0.0533892	0	0	3
228	1310	0	2.66715946	293.200806	293.200806	293.200806	293.200807	7.46226419e-007	2.50523809e-005	0	0.0542186	0	0	3
229	1316	0	2.67885753	293.200806	293.200806	293.200806	293.200807	7.7585139e-007	2.50523809e-005	0	0.0549376	0	0	3
230	1322	0	2.6905556	293.200806	293.200806	293.200806	293.200807	8.06010689e-007	2.50523809e-005	0	0.0555428	0	0	3
231	1327	0	2.70225366	293.200805	293.200806	293.200805	293.200807	8.37814184e-007	2.50523809e-005	0	0.0560976	0	0	3
232	1333	0	2.71395173	293.200805	293.200806	293.200805	293.200807	8.6755756e-007	2.50523809e-005	0	0.0565449	0	0	3
233	1338	0	2.7256498	293.200805	293.200806	293.200805	293.200807	8.96340737e-007	2.50523809e-005	0	0.0569881	0	0	3
234	1344	0	2.73734787	293.200805	293.200806	293.200805	293.200807	9.22986828e-007	2.50523809e-005	0	0.0574771	0	0	3
235	1349	0	2.74904593	293.200805	293.200806	293.200805	293.200807	9.49389687e-007	2.50523809e-005	0	0.0577684	0	0	3
236	1355	0	2.760744	293.200805	293.200806	293.200805	293.200807	9.72184296e-007	2.50523809e-005	0	0.0580099	0	0	3
237	1361	0	2.77244207	293.200805	293.200806	293.200805	293.200807	9.92931859e-007	2.50523809e-005	0	0.0581804	0	0	3
238	1366	0	2.78414014	293.200805	293.200806	293.200805	293.200807	1.01086505e-006	2.50523809e-005	0	0.0582599	0	0	3
239	1372	0	2.79583821	293.200805	293.200806	293.200805	293.200807	1.02852988e-006	2.50523809e-005	0	0.058294	0	0	3
240	1377	0	2.80753627	293.200805	293.200806	293.200805	293.200807	1.04152338e-006	2.50523809e-005	0	0.0582296	0	0	3
241	1383	0	2.81923434	293.200805	293.200806	293.200805	293.200806	1.05168004e-006	2.50523809e-005	0	0.0581356	0	0	3
242	1389	0	2.83093241	293.200805	293.200806	293.200805	293.200806	1.05788752e-006	2.50523809e-005	0	0.0579455	0	0	3
243	1394	0	2.84263048	293.200805	293.200806	293.200805	293.200806	1.06250786e-006	2.50523809e-005	0	0.0577905	0	0	3
244	1400	0	2.85432855	293.200805	293.200806	293.200805	293.200806	1.06437585e-006	2.50523809e-005	0	0.0575261	0	0	3
245	1405	0	2.86602661	293.200805	293.200806	293.200805	293.200806	1.06572924e-006	2.50523809e-005	0	0.0573228	0	0	3
246	1411	0	2.87772468	293.200805	293.200806	293.200805	293.200806	1.06561367e-006	2.50523809e-005	0	0.0570873	0	0	3
247	1417	0	2.88942275	293.200805	293.200806	293.200805	293.200806	1.06654358e-006	2.50523809e-005	0	0.0568261	0	0	3
248	1422	0	2.90112082	293.200805	293.200806	293.200805	293.200806	1.06759512e-006	2.50523809e-005	0	0.0564916	0	0	3
249	1428	0	2.91281888	293.200805	293.200806	293.200805	293.200806	1.01288163e-006	2.50523809e-005	0	0.0562684	0	0	3
250	1433	0	2.92451695	293.200805	293.200806	293.200805	293.200806	1.01288163e-006	2.50523809e-005	0	0.0559371	0	0	3
251	1439	0	2.93621502	293.200805	293.200806	293.200805	293.200806	9.15786927e-007	2.50523809e-005	0	0.0556466	0	0	3
252	1445	0	2.94791309	293.200805	293.200806	293.200805	293.200806	9.14991347e-007	2.50523809e-005	0	0.0553799	0	0	3
253	1450	0	2.95961116	293.200805	293.200806	293.200805	293.200806	8.38586061e-007	2.50523809e-005	0	0.0550975	0	0	3
254	1456	0	2.97130922	293.200806	293.200806	293.200805	293.200806	8.38586061e-007	2.50523809e-005	0	0.0547871	0	0	3
255	1461	0	2.98300729	293.200806	293.200806	293.200805	293.200806	8.38586061e-007	2.50523809e-005	0	0.054493	0	0	3
256	1467	0	2.99470536	293.200806	293.200806	293.200805	293.200806	8.38586061e-007	2.50523809e-005	0	0.0540808	0	0	3
257	1473	0	3.00640343	293.200806	293.200806	293.200805	293.200806	8.38586061e-007	2.50523809e-005	0	0.0538229	0	0	3
258	1478	0	3.01810149	293.200806	293.200806	293.200805	293.200806	8.38586061e-007	2.50523809e-005	0	0.0535438	0	0	3
259	1484	0	3.02979956	293.200806	293.200806	293.200805	293.200806	8.38586061e-007	2.50523809e-005	0	0.0532712	0	0	3
260	1489	0	3.04149763	293.200806	293.200806	293.200805	293.200806	8.38586061e-007	2.50523809e-005	0	0.0528575	0	0	3
261	1495	0	3.0531957	293.200805	293.200806	293.200805	293.200806	8.38586061e-007	2.50523809e-005	0	0.0525091	0	0	3
262	1501	0	3.06489377	293.200805	293.200805	293.200805	293.200806	8.38586061e-007	2.50523809e-005	0	0.0521949	0	0	3
263	1506	0	3.07659183	293.200805	293.200805	293.200805	293.200806	8.25484506e-007	2.50523809e-005	0	0.0519262	0	0	3
264	1512	0	3.0882899	293.200805	293.200805	293.200805	293.200806	8.11287066e-007	2.50523809e-005	0	0.0516335	0	0	3
265	1517	0	3.09998797	293.200805	293.200805	293.200805	293.200806	7.53798304e-007	2.50523809e-005	0	0.0513531	0	0	3
266	1524	0	3.11168604	293.200805	293.200805	293.200805	293.200806	7.37928815e-007	2.50523809e-005	0	0.051045	0	0	3
267	1529	0	3.1233841	293.200805	293.200805	293.200805	293.200806	7.34503374e-007	2.50523809e-005	0	0.0507686	0	0	3
268	1535	0	3.13508217	293.200805	293.200805	293.200805	293.200806	6.8891967e-007	2.50523809e-005	0	0.0503755	0	0	3
269	1540	0	3.14678024	293.200805	293.200805	293.200805	293.200806	7.00448538e-007	2.50523809e-005	0	0.0501601	0	0	3
270	1546	0	3.15847831	293.200805	293.200805	293.200805	293.200806	6.68767882e-007	2.50523809e-005	0	0.0499054	0	0	3
271	1552	0	3.17017638	293.200805	293.200805	293.200805	293.200806	7.20353228e-007	2.50523809e-005	0	0.0496717	0	0	3
272	1557	0	3.18187444	293.200805	293.200805	293.200805	293.200806	7.29867509e-007	2.50523809e-005	0	0.0492934	0	0	3
273	1563	0	3.19357251	293.200805	293.200805	293.200805	293.200806	8.31305158e-007	2.50523809e-005	0	0.0490838	0	0	3
274	1568	0	3.20527058	293.200805	293.200805	293.200805	293.200806	8.31305158e-007	2.50523809e-005	0	0.0488408	0	0	3
275	1574	0	3.21696865	293.200805	293.200805	293.200805	293.200806	8.3561531e-007	2.50523809e-005	0	0.0486147	0	0	3
276	1579	0	3.22866671	293.200805	293.200805	293.200805	293.200806	8.18502201e-007	2.50523809e-005	0	0.0482468	0	0	3
277	1585	0	3.24036478	293.200805	293.200805	293.200805	293.200806	7.99420945e-007	2.50523809e-005	0	0.0480545	0	0	3
278	1590	0	3.25206285	293.200805	293.200805	293.200805	293.200806	7.80042399e-007	2.50523809e-005	0	0.0478299	0	0	3
279	1596	0	3.26376092	293.200805	293.200805	293.200805	293.200806	7.62227501e-007	2.50523809e-005	0	0.0476148	0	0	3
280	1602	0	3.27545899	293.200805	293.200805	293.200805	293.200806	7.45371835e-007	2.50523809e-005	0	0.0472453	0	0	3
281	1607	0	3.28715705	293.200805	293.200805	293.200805	293.200806	7.26941437e-007	2.50523809e-005	0	0.0470429	0	0	3
282	1613	0	3.29885512	293.200805	293.200805	293.200805	293.200806	7.07605011e-007	2.50523809e-005	0	0.0468097	0	0	3
283	1619	0	3.31055319	293.200805	293.200805	293.200805	293.200806	6.9050634e-007	2.50523809e-005	0	0.0465965	0	0	3
284	1624	0	3.32225126	293.200805	293.200805	293.200805	293.200806	6.75203125e-007	2.50523809e-005	0	0.0462408	0	0	3
285	1630	0	3.33394933	293.200805	293.200805	293.200805	293.200806	6.61356239e-007	2.50523809e-005	0	0.0460487	0	0	3
286	1635	0	3.34564739	293.200805	293.200805	293.200805	293.200806	6.49217498e-007	2.50523809e-005	0	0.0458176	0	0	3
287	1641	0	3.35734546	293.200805	293.200805	293.200805	293.200806	6.38834877e-007	2.50523809e-005	0	0.0456221	0	0	3
288	1646	0	3.36904353	293.200805	293.200805	293.200805	293.200806	6.29612657e-007	2.50523809e-005	0	0.045298	0	0	3
289	1652	0	3.3807416	293.200805	293.200805	293.200805	293.200806	6.21039703e-007	2.50523809e-005	0	0.0451382	0	0	3
290	1657	0	3.39243966	293.200805	293.200805	293.200805	293.200806	6.1390466e-007	2.50523809e-005	0	0.0449294	0	0	3
291	1663	0	3.40413773	293.200805	293.200805	293.200805	293.200806	6.08773291e-007	2.50523809e-005	0	0.0447385	0	0	3
292	1668	0	3.4158358	293.200805	293.200805	293.200805	293.200806	6.07544621e-007	2.50523809e-005	0	0.044415	0	0	3
293	1674	0	3.42753387	293.200804	293.200805	293.200804	293.200806	6.07599304e-007	2.50523809e-005	0	0.0442511	0	0	3
294	1680	0	3.43923194	293.200804	293.200805	293.200804	293.200806	6.11252688e-007	2.50523809e-005	0	0.0440577	0	0	3
295	1686	0	3.45093	293.200804	293.200805	293.200804	293.200806	6.17906437e-007	2.50523809e-005	0	0.0438851	0	0	3
296	1691	0	3.46262807	293.200805	293.200805	293.200804	293.200806	6.25034261e-007	2.50523809e-005	0	0.0435706	0	0	3
297	1697	0	3.47432614	293.200805	293.200805	293.200804	293.200806	6.33035597e-007	2.50523809e-005	0	0.0434121	0	0	3
298	1702	0	3.48602421	293.200805	293.200805	293.200804	293.200806	6.41250665e-007	2.50523809e-005	0	0.0432112	0	0	3
299	1708	0	3.49772227	293.200805	293.200805	293.200804	293.200806	6.50504091e-007	2.50523809e-005	0	0.043034	0	0	3
300	1713	0	3.50942034	293.200805	293.200805	293.200804	293.200806	6.58827673e-007	2.50523809e-005	0	0.0427206	0	0	3
301	1720	0	3.52111841	293.200805	293.200805	293.200804	293.200806	6.65198684e-007	2.50523809e-005	0	0.0425593	0	0	3
302	1726	0	3.53281648	293.200805	293.200805	293.200804	293.200806	6.71319583e-007	2.50523809e-005	0	0.0423668	0	0	3
303	1733	0	3.54451455	293.200805	293.200805	293.200804	293.200805	6.75709771e-007	2.50523809e-005	0	0.0422027	0	0	3
304	1742	0	3.55621261	293.200805	293.200805	293.200804	293.200805	6.75467959e-007	2.50523809e-005	0	0.0419154	0	0	3
305	1748	0	3.56791068	293.200805	293.200805	293.200804	293.200805	6.72026886e-007	2.50523809e-005	0	0.0417691	0	0	3
306	1754	0	3.57960875	293.200805	293.200805	293.200804	293.200805	6.6682145e-007	2.50523809e-005	0	0.0415938	0	0	3
307	1760	0	3.59130682	293.200805	293.200805	293.200804	293.200805	6.61230672e-007	2.50523809e-005	0	0.0414417	0	0	3
308	1766	0	3.60300488	293.200805	293.200805	293.200804	293.200805	6.52564893e-007	2.50523809e-005	0	0.0411675	0	0	3
309	1772	0	3.61470295	293.200805	293.200805	293.200804	293.200805	6.43401052e-007	2.50523809e-005	0	0.0410371	0	0	3
310	1778	0	3.62640102	293.200805	293.200805	293.200804	293.200805	6.35846959e-007	2.50523809e-005	0	0.0408749	0	0	3
311	1783	0	3.63809909	293.200805	293.200805	293.200804	293.200805	5.44115437e-007	2.50523809e-005	0	0.0407207	0	0	3
312	1789	0	3.64979716	293.200805	293.200805	293.200804	293.200805	5.26412578e-007	2.50523809e-005	0	0.0404493	0	0	3
313	1794	0	3.66149522	293.200805	293.200805	293.200804	293.200805	4.91202002e-007	2.50523809e-005	0	0.0402496	0	0	3
314	1800	0	3.67319329	293.200805	293.200805	293.200804	293.200805	4.91202002e-007	2.50523809e-005	0	0.04007	0	0	3
315	1805	0	3.68489136	293.200805	293.200805	293.200804	293.200805	4.91202002e-007	2.50523809e-005	0	0.0399089	0	0	3
316	1811	0	3.69658943	293.200805	293.200805	293.200804	293.200805	4.91202002e-007	2.50523809e-005	0	0.0397301	0	0	3
317	1817	0	3.7082875	293.200805	293.200805	293.200804	293.200805	4.91202002e-007	2.50523809e-005	0	0.0395658	0	0	3
318	1822	0	3.71998556	293.200805	293.200805	293.200804	293.200805	4.91202002e-007	2.50523809e-005	0	0.0393819	0	0	3
319	1828	0	3.73168363	293.200805	293.200805	293.200804	293.200805	4.91202002e-007	2.50523809e-005	0	0.0392108	0	0	3
320	1833	0	3.7433817	293.200805	293.200805	293.200804	293.200805	4.91202002e-007	2.50523809e-005	0	0.0390243	0	0	3
321	1839	0	3.75507977	293.200805	293.200805	293.200804	293.200805	4.98292934e-007	2.50523809e-005	0	0.0388458	0	0	3
322	1845	0	3.76677783	293.200805	293.200805	293.200804	293.200805	4.84791201e-007	2.50523809e-005	0	0.0386625	0	0	3
323	1850	0	3.7784759	293.200805	293.200805	293.200804	293.200805	4.70271743e-007	2.50523809e-005	0	0.0384937	0	0	3
324	1856	0	3.79017397	293.200805	293.200805	293.200804	293.200805	4.58888053e-007	2.50523809e-005	0	0.0383133	0	0	3
325	1862	0	3.80187204	293.200806	293.200805	293.200804	293.200806	4.46530237e-007	2.50523809e-005	0	0.0381472	0	0	3
326	1867	0	3.81357011	293.200806	293.200805	293.200804	293.200806	4.34554181e-007	2.50523809e-005	0	0.0379847	0	0	3
327	1873	0	3.82526817	293.200806	293.200805	293.200804	293.200806	4.20634024e-007	2.50523809e-005	0	0.0378425	0	0	3
328	1878	0	3.83696624	293.200806	293.200805	293.200804	293.200806	4.07566915e-007	2.50523809e-005	0	0.0376884	0	0	3
329	1884	0	3.84866431	293.200806	293.200805	293.200804	293.200806	3.9281764e-007	2.50523809e-005	0	0.0375434	0	0	3
330	1891	0	3.86036238	293.200807	293.200805	293.200804	293.200807	3.78847119e-007	2.50523809e-005	0	0.0373376	0	0	3
331	1896	0	3.87206044	293.200807	293.200805	293.200804	293.200807	3.62963988e-007	2.50523809e-005	0	0.0372444	0	0	3
332	1902	0	3.88375851	293.200807	293.200805	293.200804	293.200807	3.47309367e-007	2.50523809e-005	0	0.0370768	0	0	3
333	1908	0	3.89545658	293.200807	293.200805	293.200804	293.200807	3.96266046e-007	2.50523809e-005	0	0.0369758	0	0	3
334	1913	0	3.90715465	293.200807	293.200805	293.200804	293.200807	4.51836058e-007	2.50523809e-005	0	0.0367866	0	0	3
335	1919	0	3.91885272	293.200807	293.200805	293.200804	293.200807	5.08843755e-007	2.50523809e-005	0	0.0366195	0	0	3
336	1924	0	3.93055078	293.200807	293.200805	293.200804	293.200807	5.69483234e-007	2.50523809e-005	0	0.0364691	0	0	3
337	1930	0	3.94224885	293.200807	293.200805	293.200804	293.200807	6.31080695e-007	2.50523809e-005	0	0.0363382	0	0	3
338	1935	0	3.95394692	293.200807	293.200805	293.200805	293.200807	6.95424944e-007	2.50523809e-005	0	0.0362011	0	0	3
339	1941	0	3.96564499	293.200807	293.200805	293.200805	293.200807	7.56732277e-007	2.50523809e-005	0	0.0360623	0	0	3
340	1947	0	3.97734305	293.200807	293.200806	293.200805	293.200807	8.18683873e-007	2.50523809e-005	0	0.0359122	0	0	3
341	1953	0	3.98904112	293.200807	293.200806	293.200805	293.200807	8.76493345e-007	2.50523809e-005	0	0.0357699	0	0	3
342	1958	0	4.00073919	293.200807	293.200806	293.200805	293.200807	9.34497109e-007	2.50523809e-005	0	0.0355669	0	0	3
