Iteration	CPUTime	PhysTime	Travels	Value	AvValue	MinValue	MaxValue	Delta	Criteria	Progress	dGMaxMin	CriteriaType	CriteriaVarType	CriteriaPercentage
1	26	0	0.0114948988	101325.618	101325.618	101325.618	101325.618	0	0	0	10672.4	0	0	3
2	33	0	0.0229897977	101325.266	101325.442	101325.266	101325.618	0.176201847	0	0	12394.8	0	0	3
3	40	0	0.0344846965	101325.166	101325.35	101325.166	101325.618	0.26824592	0	0	10865.1	0	0	3
4	53	0	0.0459795953	101325.146	101325.299	101325.146	101325.618	0.319159311	0	0	5865.92	0	0	3
5	70	0	0.0574744941	101325.025	101325.244	101325.025	101325.618	0.373902747	0	0	3088.57	0	0	3
6	79	0	0.068969393	101325.058	101325.213	101325.025	101325.618	0.404912516	0	0	3238.66	0	0	3
7	88	0	0.0804642918	101325.021	101325.186	101325.021	101325.618	0.432447802	0	0	2717.99	0	0	3
8	96	0	0.0919591906	101325.052	101325.169	101325.021	101325.618	0.449146136	0	0	2437.94	0	0	3
9	104	0	0.103454089	101325.029	101325.154	101325.021	101325.618	0.464715167	0	0	2244.77	0	0	3
10	111	0	0.114948988	101325.054	101325.144	101325.021	101325.618	0.47472575	0	0	2077.65	0	0	3
11	118	0	0.126443887	101325.039	101325.134	101325.021	101325.618	0.484245333	0	0	2170.8	0	0	3
12	126	0	0.137938786	101325.05	101325.127	101325.021	101325.618	0.491255382	0	0	2107.03	0	0	3
13	134	0	0.149433685	101325.044	101325.121	101325.021	101325.618	0.497673442	0	0	1911.56	0	0	3
14	141	0	0.160928584	101325.049	101325.116	101325.021	101325.618	0.502814071	0	0	1863.6	0	0	3
15	147	0	0.172423482	101325.044	101325.111	101325.021	101325.618	0.507583319	0	0	1813.6	0	0	3
16	154	0	0.183918381	101325.045	101325.107	101325.021	101325.618	0.511717324	0	0	1775.86	0	0	3
17	161	0	0.19541328	101325.041	101325.103	101325.021	101325.618	0.515588516	0	0	1727.73	0	0	3
18	167	0	0.206908179	101325.039	101325.099	101325.021	101325.618	0.519108826	0	0	1669.45	0	0	3
19	174	0	0.218403078	101325.036	101325.096	101325.021	101325.618	0.522455387	0	0	1557.65	0	0	3
20	180	0	0.229897977	101325.033	101325.093	101325.021	101325.618	0.525600522	0	0	1486.13	0	0	3
21	187	0	0.241392875	101325.03	101325.09	101325.021	101325.618	0.528580995	0	0	1385.41	0	0	3
22	193	0	0.252887774	101325.027	101325.087	101325.021	101325.618	0.531444226	0	0	1320.51	0	0	3
23	199	0	0.264382673	101325.024	101325.084	101325.021	101325.618	0.534199459	0	0	1195.58	0	0	3
24	206	0	0.275877572	101325.02	101325.081	101325.02	101325.618	0.536855287	0	0	1145.47	0	0	3
25	212	0	0.287372471	101325.017	101325.079	101325.017	101325.618	0.539432889	0	0	1033.23	0	0	3
26	220	0	0.29886737	101325.015	101325.076	101325.015	101325.618	0.541893975	0	0	999.521	0	0	3
27	228	0	0.310362268	101325.01	101325.074	101325.01	101325.618	0.544337866	0	0	916.879	0	0	3
28	234	0	0.321857167	101325.007	101325.072	101325.007	101325.618	0.546720537	0	0	882.366	0	0	3
29	240	0	0.333352066	101325.004	101325.069	101325.004	101325.618	0.549068711	0	0	796.432	0	0	3
30	246	0	0.344846965	101325	101325.067	101325	101325.618	0.551369173	0	0	768.813	0	0	3
31	253	0	0.356341864	101324.998	101325.065	101324.998	101325.618	0.553590127	0	0	758.373	0	0	3
32	259	0	0.367836763	101324.996	101325.063	101324.996	101325.618	0.555752001	0	0	747.925	0	0	3
33	265	0	0.379331661	101324.993	101325.061	101324.993	101325.618	0.557852443	0	0	735.726	0	0	3
34	271	0	0.39082656	101324.992	101325.058	101324.992	101325.618	0.559876931	0	0	724.557	0	0	3
35	277	0	0.402321459	101324.99	101325.057	101324.99	101325.618	0.561828365	0	0	712.334	0	0	3
36	282	0	0.413816358	101324.99	101325.055	101324.99	101325.618	0.56368211	0	0	703.912	0	0	3
37	288	0	0.425311257	101324.989	101325.053	101324.989	101325.618	0.565458704	0	0	694.88	0	0	3
38	294	0	0.436806156	101324.988	101325.051	101324.988	101325.618	0.567165999	0	0	685.772	0	0	3
39	300	0	0.448301054	101324.987	101325.05	101324.987	101325.618	0.568806647	0	0	676.619	0	0	3
40	305	0	0.459795953	101324.987	101325.048	101324.987	101325.618	0.570381715	0	0	667.291	0	0	3
41	311	0	0.471290852	101324.986	101325.046	101324.986	101325.618	0.571882831	0	0	660.775	0	0	3
42	317	0	0.482785751	101324.986	101325.045	101324.986	101325.618	0.573313703	0	0	654.213	0	0	3
43	323	0	0.49428065	101324.986	101325.044	101324.986	101325.618	0.574679635	0	0	647.706	0	0	3
44	328	0	0.505775548	101324.986	101325.042	101324.986	101325.618	0.575983125	0	0	641.163	0	0	3
45	334	0	0.517270447	101324.986	101325.028	101324.986	101325.266	0.279789671	0	0	634.583	0	0	3
46	340	0	0.528765346	101324.986	101325.022	101324.986	101325.166	0.179859298	0	0	628.04	0	0	3
47	346	0	0.540260245	101324.986	101325.018	101324.986	101325.146	0.160293881	0	0	621.403	0	0	3
48	352	0	0.551755144	101324.986	101325.014	101324.986	101325.058	0.0722320036	0	0	615.07	0	0	3
49	357	0	0.563250043	101324.986	101325.013	101324.986	101325.058	0.0722579534	0	0	608.398	0	0	3
50	363	0	0.574744941	101324.986	101325.011	101324.986	101325.054	0.0674442597	0	0	602.027	0	0	3
51	369	0	0.58623984	101324.986	101325.011	101324.986	101325.054	0.0674442597	0	0	595.363	0	0	3
52	375	0	0.597734739	101324.986	101325.009	101324.986	101325.054	0.0674442597	0	0	588.946	0	0	3
53	380	0	0.609229638	101324.986	101325.008	101324.986	101325.054	0.0674442597	0	0	582.152	0	0	3
54	386	0	0.620724537	101324.986	101325.007	101324.986	101325.05	0.0638993347	0	0	575.485	0	0	3
55	392	0	0.632219436	101324.986	101325.005	101324.986	101325.05	0.0638993347	0	0	568.302	0	0	3
56	398	0	0.643714334	101324.986	101325.004	101324.986	101325.049	0.0626230105	0	0	552.728	0	0	3
57	403	0	0.655209233	101324.986	101325.003	101324.986	101325.049	0.0626230105	0	0	545.336	0	0	3
58	409	0	0.666704132	101324.986	101325.001	101324.986	101325.045	0.0585378615	0	0	528.647	0	0	3
59	415	0	0.678199031	101324.986	101325	101324.986	101325.045	0.0585378615	0	0	522.026	0	0	3
60	421	0	0.68969393	101324.986	101324.999	101324.986	101325.041	0.0547376717	0	0	505.324	0	0	3
61	427	0	0.701188829	101324.986	101324.997	101324.986	101325.039	0.0533111619	0	0	499.616	0	0	3
62	432	0	0.712683727	101324.986	101324.996	101324.986	101325.036	0.0495717846	0	0	483.164	0	0	3
63	438	0	0.724178626	101324.986	101324.995	101324.986	101325.033	0.0469071615	0	0	478.258	0	0	3
64	444	0	0.735673525	101324.986	101324.994	101324.986	101325.03	0.0440748025	0	0	461.266	0	0	3
65	450	0	0.747168424	101324.986	101324.993	101324.986	101325.027	0.0406931823	0	0	456.885	0	0	3
66	456	0	0.758663323	101324.986	101324.992	101324.986	101325.024	0.0374506747	0	0	439.612	0	0	3
67	461	0	0.770158222	101324.987	101324.991	101324.986	101325.02	0.0343259322	0	0	435.684	0	0	3
68	467	0	0.78165312	101324.987	101324.99	101324.986	101325.017	0.0309699197	0	0	418.532	0	0	3
69	473	0	0.793148019	101324.987	101324.99	101324.986	101325.015	0.0288441453	0	0	417.795	0	0	3
70	479	0	0.804642918	101324.987	101324.989	101324.986	101325.01	0.0243862424	0	0	405.337	0	0	3
71	485	0	0.816137817	101324.987	101324.989	101324.986	101325.007	0.0212125911	0	0	405.357	0	0	3
72	491	0	0.827632716	101324.987	101324.988	101324.986	101325.004	0.0174476955	0	0	391.444	0	0	3
73	496	0	0.839127615	101324.987	101324.988	101324.986	101325	0.0141826668	0	0	389.756	0	0	3
74	502	0	0.850622513	101324.987	101324.987	101324.986	101324.998	0.0120465124	0	0	375.092	0	0	3
75	508	0	0.862117412	101324.987	101324.987	101324.986	101324.996	0.009495167	0	0	372.057	0	0	3
76	514	0	0.873612311	101324.988	101324.987	101324.986	101324.993	0.00719869896	0	0	357.044	0	0	3
77	520	0	0.88510721	101324.988	101324.987	101324.986	101324.992	0.00558020476	0	0	353.354	0	0	3
78	526	0	0.896602109	101324.988	101324.987	101324.986	101324.99	0.00408813034	0	0	338.689	0	0	3
79	532	0	0.908097008	101324.988	101324.987	101324.986	101324.99	0.00370210668	0	0	334.606	0	0	3
80	537	0	0.919591906	101324.988	101324.987	101324.986	101324.989	0.00284917236	0	0	320.515	0	0	3
81	543	0	0.931086805	101324.988	101324.987	101324.986	101324.988	0.00222293902	0	0	316.307	0	0	3
82	549	0	0.942581704	101324.988	101324.987	101324.986	101324.988	0.00223587314	0	0	303.017	0	0	3
83	555	0	0.954076603	101324.988	101324.987	101324.986	101324.988	0.00226384887	0	0	299.27	0	0	3
84	561	0	0.965571502	101324.988	101324.987	101324.986	101324.988	0.00226384887	0	0	287.459	0	0	3
85	567	0	0.9770664	101324.988	101324.987	101324.986	101324.988	0.00226384887	0	0	283.896	0	0	3
86	572	0	0.988561299	101324.988	101324.987	101324.986	101324.988	0.00226384887	0	0	273.557	0	0	3
87	578	0	1.0000562	101324.988	101324.987	101324.986	101324.988	0.00226384887	0.00539793582	0	271.508	0	0	3
88	584	0	1.0115511	101324.988	101324.987	101324.986	101324.988	0.00226384887	0.00539793582	0	262.31	0	0	3
89	590	0	1.023046	101324.988	101324.987	101324.986	101324.988	0.00226384887	0.00539793582	0	260.431	0	0	3
90	596	0	1.03454089	101324.988	101324.987	101324.986	101324.988	0.00226384887	0.00539793582	0	258.307	0	0	3
91	601	0	1.04603579	101324.988	101324.987	101324.986	101324.988	0.00226384887	0.00539793582	0	258.629	0	0	3
92	607	0	1.05753069	101324.988	101324.987	101324.986	101324.988	0.00226384887	0.00539793582	0	257.336	0	0	3
93	613	0	1.06902559	101324.988	101324.987	101324.986	101324.988	0.00226384887	0.00539793582	0	257.665	0	0	3
94	619	0	1.08052049	101324.988	101324.987	101324.986	101324.988	0.00225369012	0.00539793582	0	256.354	0	0	3
95	625	0	1.09201539	101324.988	101324.987	101324.986	101324.988	0.00225152579	0.00539793582	0	256.713	0	0	3
96	631	0	1.10351029	101324.987	101324.987	101324.986	101324.988	0.00225152579	0.00539793582	0	255.546	0	0	3
97	637	0	1.11500519	101324.987	101324.987	101324.986	101324.988	0.00224692897	0.00539793582	0	255.724	0	0	3
98	642	0	1.12650009	101324.987	101324.987	101324.986	101324.988	0.00222582565	0.00539793582	0	254.075	0	0	3
99	648	0	1.13799498	101324.987	101324.987	101324.986	101324.988	0.00221064028	0.00539793582	0	254.169	0	0	3
100	654	0	1.14948988	101324.987	101324.987	101324.986	101324.988	0.00221064028	0.00539793582	0	252.726	0	0	3
101	661	0	1.16098478	101324.987	101324.987	101324.986	101324.988	0.00221064028	0.00539793582	0	252.777	0	0	3
102	667	0	1.17247968	101324.987	101324.987	101324.986	101324.988	0.00204440994	0.00539793582	0	251.502	0	0	3
103	673	0	1.18397458	101324.987	101324.987	101324.986	101324.988	0.00200259475	0.00539793582	0	251.482	0	0	3
104	679	0	1.19546948	101324.987	101324.987	101324.986	101324.988	0.00198406943	0.00539793582	0	250.261	0	0	3
105	685	0	1.20696438	101324.987	101324.987	101324.986	101324.988	0.00195231121	0.00539793582	0	250.33	0	0	3
106	691	0	1.21845928	101324.987	101324.987	101324.986	101324.988	0.00195231121	0.00539793582	0	249.173	0	0	3
107	697	0	1.22995417	101324.987	101324.987	101324.986	101324.988	0.00195231121	0.00539793582	0	249.304	0	0	3
108	703	0	1.24144907	101324.987	101324.988	101324.986	101324.988	0.00194499368	0.00539793582	0	248.19	0	0	3
109	709	0	1.25294397	101324.987	101324.988	101324.986	101324.988	0.00194499368	0.00539793582	0	248.366	0	0	3
110	714	0	1.26443887	101324.987	101324.988	101324.987	101324.988	0.00181099286	0.00539793582	0	247.31	0	0	3
111	720	0	1.27593377	101324.987	101324.988	101324.987	101324.988	0.00178815349	0.00539793582	0	247.794	0	0	3
112	726	0	1.28742867	101324.987	101324.988	101324.987	101324.988	0.0017043242	0.00539793582	0	246.835	0	0	3
113	732	0	1.29892357	101324.987	101324.988	101324.987	101324.988	0.0017043242	0.00539793582	0	247.169	0	0	3
114	738	0	1.31041847	101324.987	101324.988	101324.987	101324.988	0.00159468762	0.00539793582	0	246.059	0	0	3
115	744	0	1.32191337	101324.987	101324.988	101324.987	101324.988	0.00140926255	0.00539793582	0	246.228	0	0	3
116	750	0	1.33340826	101324.987	101324.988	101324.987	101324.988	0.00103233277	0.00539793582	0	244.724	0	0	3
117	756	0	1.34490316	101324.987	101324.988	101324.987	101324.988	0.000957171666	0.00539793582	0	244.513	0	0	3
118	762	0	1.35639806	101324.987	101324.988	101324.987	101324.988	0.000958682722	0.00539793582	0	241.804	0	0	3
119	768	0	1.36789296	101324.987	101324.988	101324.987	101324.988	0.000958682722	0.00539793582	0	241.171	0	0	3
120	774	0	1.37938786	101324.987	101324.988	101324.987	101324.988	0.000958682722	0.00539793582	0	237.59	0	0	3
121	780	0	1.39088276	101324.987	101324.988	101324.987	101324.988	0.000958682722	0.00539793582	0	236.794	0	0	3
122	786	0	1.40237766	101324.987	101324.988	101324.987	101324.988	0.000958682722	0.00539793582	0	233.322	0	0	3
123	792	0	1.41387256	101324.987	101324.988	101324.987	101324.988	0.000958682722	0.00539793582	0	232.729	0	0	3
124	798	0	1.42536745	101324.987	101324.988	101324.987	101324.988	0.000958682722	0.00539793582	0	229.654	0	0	3
125	804	0	1.43686235	101324.987	101324.988	101324.987	101324.988	0.000951715527	0.00539793582	0	228.804	0	0	3
126	810	0	1.44835725	101324.987	101324.988	101324.987	101324.988	0.000925582455	0.00539793582	0	224.822	0	0	3
127	816	0	1.45985215	101324.987	101324.988	101324.987	101324.988	0.000886494541	0.00539793582	0	224.002	0	0	3
128	822	0	1.47134705	101324.987	101324.987	101324.987	101324.988	0.000843594229	0.00539793582	0	219.92	0	0	3
129	828	0	1.48284195	101324.987	101324.987	101324.987	101324.988	0.000800598835	0.00539793582	0	219.38	0	0	3
130	834	0	1.49433685	101324.987	101324.987	101324.987	101324.988	0.000755147325	0.00539793582	0	215.678	0	0	3
131	840	0	1.50583175	101324.987	101324.987	101324.987	101324.988	0.000713150817	0.00539793582	0	215.062	0	0	3
132	846	0	1.51732665	101324.987	101324.987	101324.987	101324.988	0.00066716774	0.00539793582	0	211.564	0	0	3
133	852	0	1.52882154	101324.987	101324.987	101324.987	101324.988	0.000625570407	0.00539793582	0	210.87	0	0	3
134	858	0	1.54031644	101324.987	101324.987	101324.987	101324.988	0.000586972164	0.00539793582	0	207.092	0	0	3
135	864	0	1.55181134	101324.987	101324.987	101324.987	101324.988	0.00055035438	0.00539793582	0	206.573	0	0	3
136	870	0	1.56330624	101324.987	101324.987	101324.987	101324.988	0.000512984683	0.00539793582	0	203.315	0	0	3
137	876	0	1.57480114	101324.987	101324.987	101324.987	101324.988	0.000476996429	0.00539793582	0	202.856	0	0	3
138	882	0	1.58629604	101324.987	101324.987	101324.987	101324.988	0.00044138958	0.00539793582	0	199.341	0	0	3
139	888	0	1.59779094	101324.987	101324.987	101324.987	101324.987	0.000411066794	0.00539793582	0	198.866	0	0	3
140	894	0	1.60928584	101324.987	101324.987	101324.987	101324.987	0.000381751452	0.00539793582	0	195.362	0	0	3
141	900	0	1.62078073	101324.987	101324.987	101324.987	101324.987	0.000393269394	0.00539793582	0	194.945	0	0	3
142	906	0	1.63227563	101324.987	101324.987	101324.987	101324.987	0.000404640145	0.00539793582	0	191.538	0	0	3
143	912	0	1.64377053	101324.987	101324.987	101324.987	101324.987	0.000419922217	0.00539793582	0	191.188	0	0	3
144	918	0	1.65526543	101324.987	101324.987	101324.987	101324.987	0.000432802874	0.00539793582	0	188.05	0	0	3
145	924	0	1.66676033	101324.987	101324.987	101324.987	101324.987	0.000445724741	0.00539793582	0	187.74	0	0	3
146	930	0	1.67825523	101324.987	101324.987	101324.987	101324.987	0.0004583923	0.00539793582	0	184.593	0	0	3
147	936	0	1.68975013	101324.987	101324.987	101324.987	101324.987	0.000474032102	0.00539793582	0	184.293	0	0	3
148	942	0	1.70124503	101324.987	101324.987	101324.987	101324.987	0.000488477861	0.00539793582	0	181.179	0	0	3
149	948	0	1.71273993	101324.987	101324.987	101324.987	101324.987	0.000502864175	0.00539793582	0	180.909	0	0	3
150	954	0	1.72423482	101324.987	101324.987	101324.987	101324.987	0.00051564211	0.00539793582	0	177.885	0	0	3
151	960	0	1.73572972	101324.987	101324.987	101324.987	101324.987	0.000529591605	0.00539793582	0	177.658	0	0	3
152	966	0	1.74722462	101324.987	101324.987	101324.987	101324.987	0.000543583781	0.00539793582	0	174.741	0	0	3
153	972	0	1.75871952	101324.987	101324.987	101324.987	101324.987	0.000560043743	0.00539793582	0	174.605	0	0	3
154	978	0	1.77021442	101324.987	101324.987	101324.987	101324.987	0.000576716629	0.00539793582	0	172.299	0	0	3
155	984	0	1.78170932	101324.987	101324.987	101324.987	101324.987	0.00059510865	0.00539793582	0	172.233	0	0	3
156	990	0	1.79320422	101324.987	101324.987	101324.987	101324.987	0.000610138202	0.00539793582	0	170.266	0	0	3
157	996	0	1.80469912	101324.987	101324.987	101324.987	101324.987	0.000626423571	0.00539793582	0	170.091	0	0	3
158	1001	0	1.81619402	101324.986	101324.987	101324.986	101324.987	0.000642815503	0.00539793582	0	167.932	0	0	3
159	1008	0	1.82768891	101324.986	101324.987	101324.986	101324.987	0.000660912279	0.00539793582	0	167.782	0	0	3
160	1014	0	1.83918381	101324.987	101324.987	101324.986	101324.987	0.000677250617	0.00539793582	0	165.226	0	0	3
161	1020	0	1.85067871	101324.986	101324.987	101324.986	101324.987	0.000695528463	0.00539793582	0	164.989	0	0	3
162	1026	0	1.86217361	101324.987	101324.987	101324.986	101324.987	0.000709849177	0.00539793582	0	162.352	0	0	3
163	1032	0	1.87366851	101324.987	101324.987	101324.986	101324.987	0.000722176046	0.00539793582	0	162.154	0	0	3
164	1038	0	1.88516341	101324.987	101324.987	101324.986	101324.987	0.000726758211	0.00539793582	0	159.586	0	0	3
165	1044	0	1.89665831	101324.987	101324.987	101324.986	101324.987	0.000732266868	0.00539793582	0	159.457	0	0	3
166	1050	0	1.90815321	101324.987	101324.987	101324.986	101324.987	0.000734405607	0.00539793582	0	156.998	0	0	3
167	1056	0	1.9196481	101324.986	101324.987	101324.986	101324.987	0.000736848684	0.00539793582	0	156.921	0	0	3
168	1062	0	1.931143	101324.986	101324.987	101324.986	101324.987	0.000736843329	0.00539793582	0	154.59	0	0	3
169	1068	0	1.9426379	101324.986	101324.987	101324.986	101324.987	0.00073567059	0.00539793582	0	154.572	0	0	3
170	1074	0	1.9541328	101324.986	101324.987	101324.986	101324.987	0.000735715832	0.00539793582	0	152.367	0	0	3
171	1080	0	1.9656277	101324.986	101324.987	101324.986	101324.987	0.000739095878	0.00539793582	0	152.394	0	0	3
172	1086	0	1.9771226	101324.986	101324.987	101324.986	101324.987	0.000745004698	0.00539793582	0	150.27	0	0	3
173	1092	0	1.9886175	101324.986	101324.987	101324.986	101324.987	0.000751260057	0.00539793582	0	150.355	0	0	3
174	1098	0	2.0001124	101324.986	101324.987	101324.986	101324.987	0.000754598936	0.00539793582	0	148.31	0	0	3
175	1104	0	2.0116073	101324.986	101324.987	101324.986	101324.987	0.000760603594	0.00539793582	0	148.424	0	0	3
176	1110	0	2.02310219	101324.986	101324.987	101324.986	101324.987	0.00076916226	0.00539793582	0	146.473	0	0	3
177	1116	0	2.03459709	101324.986	101324.987	101324.986	101324.987	0.000783140815	0.00539793582	0	146.603	0	0	3
178	1122	0	2.04609199	101324.986	101324.987	101324.986	101324.987	0.00079359251	0.00539793582	0	144.683	0	0	3
179	1128	0	2.05758689	101324.986	101324.987	101324.986	101324.987	0.000802585826	0.00539793582	0	144.853	0	0	3
180	1134	0	2.06908179	101324.986	101324.986	101324.986	101324.987	0.000810571757	0.00539793582	0	143.008	0	0	3
181	1140	0	2.08057669	101324.986	101324.986	101324.986	101324.987	0.000819091787	0.00539793582	0	143.169	0	0	3
182	1146	0	2.09207159	101324.986	101324.986	101324.986	101324.987	0.000825234456	0.00539793582	0	141.362	0	0	3
183	1153	0	2.10356649	101324.986	101324.986	101324.986	101324.987	0.000835305618	0.00539793582	0	141.567	0	0	3
184	1159	0	2.11506138	101324.986	101324.986	101324.986	101324.987	0.000845504415	0.00539793582	0	139.811	0	0	3
185	1165	0	2.12655628	101324.986	101324.986	101324.986	101324.987	0.000856579063	0.00539793582	0	140.031	0	0	3
186	1171	0	2.13805118	101324.986	101324.986	101324.986	101324.987	0.000851304168	0.00539793582	0	138.319	0	0	3
187	1177	0	2.14954608	101324.986	101324.986	101324.986	101324.987	0.000851304168	0.00539793582	0	138.567	0	0	3
188	1183	0	2.16104098	101324.986	101324.986	101324.986	101324.987	0.000851304168	0.00539793582	0	136.9	0	0	3
189	1189	0	2.17253588	101324.986	101324.986	101324.986	101324.987	0.000851304168	0.00539793582	0	137.148	0	0	3
190	1195	0	2.18403078	101324.986	101324.986	101324.986	101324.987	0.000819594134	0.00539793582	0	135.543	0	0	3
191	1201	0	2.19552568	101324.986	101324.986	101324.986	101324.987	0.000819594134	0.00539793582	0	135.796	0	0	3
192	1207	0	2.20702058	101324.986	101324.986	101324.986	101324.987	0.000819594134	0.00539793582	0	134.197	0	0	3
193	1213	0	2.21851547	101324.986	101324.986	101324.986	101324.987	0.000819594134	0.00539793582	0	134.478	0	0	3
194	1219	0	2.23001037	101324.986	101324.986	101324.986	101324.987	0.000798657464	0.00539793582	0	132.928	0	0	3
195	1225	0	2.24150527	101324.986	101324.986	101324.986	101324.987	0.000798657464	0.00539793582	0	133.225	0	0	3
196	1231	0	2.25300017	101324.986	101324.986	101324.986	101324.987	0.000760274925	0.00539793582	0	131.7	0	0	3
197	1237	0	2.26449507	101324.986	101324.986	101324.986	101324.987	0.000760274925	0.00539793582	0	132.001	0	0	3
198	1243	0	2.27598997	101324.986	101324.986	101324.986	101324.987	0.000760274925	0.00539793582	0	130.525	0	0	3
199	1249	0	2.28748487	101324.986	101324.986	101324.986	101324.987	0.000776005661	0.00539793582	0	130.831	0	0	3
200	1255	0	2.29897977	101324.986	101324.986	101324.986	101324.987	0.000763763892	0.00539793582	0	129.367	0	0	3
201	1262	0	2.31047466	101324.986	101324.986	101324.986	101324.987	0.000763763892	0.00539793582	0	129.69	0	0	3
202	1268	0	2.32196956	101324.986	101324.986	101324.986	101324.987	0.000764656957	0.00539793582	0	128.255	0	0	3
203	1274	0	2.33346446	101324.986	101324.986	101324.986	101324.987	0.00084101141	0.00539793582	0	128.606	0	0	3
204	1280	0	2.34495936	101324.986	101324.986	101324.986	101324.987	0.00084101141	0.00539793582	0	127.209	0	0	3
205	1286	0	2.35645426	101324.986	101324.986	101324.986	101324.987	0.000871451717	0.00539793582	0	127.545	0	0	3
206	1292	0	2.36794916	101324.986	101324.986	101324.986	101324.987	0.000871451717	0.00539793582	0	126.184	0	0	3
207	1298	0	2.37944406	101324.986	101324.986	101324.986	101324.987	0.000871451717	0.00539793582	0	126.523	0	0	3
208	1304	0	2.39093896	101324.986	101324.986	101324.986	101324.987	0.000787281519	0.00539793582	0	125.169	0	0	3
209	1310	0	2.40243386	101324.986	101324.986	101324.986	101324.987	0.000787281519	0.00539793582	0	125.523	0	0	3
210	1316	0	2.41392875	101324.986	101324.986	101324.986	101324.986	0.000733022942	0.00539793582	0	124.205	0	0	3
211	1322	0	2.42542365	101324.986	101324.986	101324.986	101324.986	0.000710303473	0.00539793582	0	124.586	0	0	3
212	1328	0	2.43691855	101324.986	101324.986	101324.986	101324.986	0.000677213946	0.00539793582	0	123.303	0	0	3
213	1334	0	2.44841345	101324.986	101324.986	101324.986	101324.986	0.000547843883	0.00539793582	0	123.685	0	0	3
214	1340	0	2.45990835	101324.986	101324.986	101324.986	101324.986	0.000472557891	0.00539793582	0	122.444	0	0	3
215	1346	0	2.47140325	101324.986	101324.986	101324.986	101324.986	0.000448333827	0.00539793582	0	122.821	0	0	3
216	1352	0	2.48289815	101324.986	101324.986	101324.986	101324.986	0.000448333827	0.00539793582	0	121.577	0	0	3
217	1358	0	2.49439305	101324.986	101324.986	101324.986	101324.986	0.000448333827	0.00539793582	0	121.97	0	0	3
218	1364	0	2.50588794	101324.986	101324.986	101324.986	101324.986	0.00044345943	0.00539793582	0	120.769	0	0	3
219	1370	0	2.51738284	101324.986	101324.986	101324.986	101324.986	0.00044345943	0.00539793582	0	121.164	0	0	3
220	1376	0	2.52887774	101324.986	101324.986	101324.986	101324.986	0.00044345943	0.00539793582	0	120.087	0	0	3
221	1382	0	2.54037264	101324.986	101324.986	101324.986	101324.986	0.00044345943	0.00539793582	0	120.633	0	0	3
222	1389	0	2.55186754	101324.986	101324.986	101324.986	101324.986	0.00044345943	0.00539793582	0	119.802	0	0	3
223	1395	0	2.56336244	101324.986	101324.986	101324.986	101324.986	0.00044345943	0.00539793582	0	120.525	0	0	3
224	1400	0	2.57485734	101324.986	101324.986	101324.986	101324.986	0.00044345943	0.00539793582	0	120.136	0	0	3
225	1407	0	2.58635224	101324.986	101324.986	101324.986	101324.986	0.00044345943	0.00539793582	0	120.944	0	0	3
226	1413	0	2.59784714	101324.986	101324.986	101324.986	101324.986	0.000410718581	0.00539793582	0	120.836	0	0	3
227	1419	0	2.60934203	101324.986	101324.986	101324.986	101324.986	0.00034855635	0.00539793582	0	121.691	0	0	3
228	1425	0	2.62083693	101324.986	101324.986	101324.986	101324.986	0.00034855635	0.00539793582	0	121.735	0	0	3
229	1431	0	2.63233183	101324.986	101324.986	101324.986	101324.986	0.00034855635	0.00539793582	0	122.553	0	0	3
230	1437	0	2.64382673	101324.986	101324.986	101324.986	101324.986	0.00034855635	0.00539793582	0	122.586	0	0	3
231	1443	0	2.65532163	101324.986	101324.986	101324.986	101324.986	0.00034855635	0.00539793582	0	123.401	0	0	3
232	1449	0	2.66681653	101324.986	101324.986	101324.986	101324.986	0.000336372992	0.00539793582	0	123.446	0	0	3
233	1456	0	2.67831143	101324.986	101324.986	101324.986	101324.986	0.000336372992	0.00539793582	0	124.226	0	0	3
234	1462	0	2.68980633	101324.986	101324.986	101324.986	101324.986	0.000345132503	0.00539793582	0	124.217	0	0	3
235	1468	0	2.70130122	101324.986	101324.986	101324.986	101324.986	0.000345132503	0.00539793582	0	124.979	0	0	3
236	1474	0	2.71279612	101324.986	101324.986	101324.986	101324.986	0.000387041931	0.00539793582	0	124.956	0	0	3
237	1480	0	2.72429102	101324.986	101324.986	101324.986	101324.986	0.000387041931	0.00539793582	0	125.693	0	0	3
238	1486	0	2.73578592	101324.986	101324.986	101324.986	101324.986	0.00037018524	0.00539793582	0	125.678	0	0	3
239	1492	0	2.74728082	101324.986	101324.986	101324.986	101324.986	0.000353330935	0.00539793582	0	126.412	0	0	3
240	1498	0	2.75877572	101324.986	101324.986	101324.986	101324.986	0.000337872567	0.00539793582	0	126.397	0	0	3
241	1504	0	2.77027062	101324.986	101324.986	101324.986	101324.986	0.000321647283	0.00539793582	0	127.096	0	0	3
242	1510	0	2.78176552	101324.986	101324.986	101324.986	101324.986	0.000305461508	0.00539793582	0	127.039	0	0	3
243	1516	0	2.79326042	101324.986	101324.986	101324.986	101324.986	0.000290393044	0.00539793582	0	127.733	0	0	3
244	1523	0	2.80475531	101324.986	101324.986	101324.986	101324.986	0.000276764345	0.00539793582	0	127.674	0	0	3
245	1528	0	2.81625021	101324.986	101324.986	101324.986	101324.986	0.000261783745	0.00539793582	0	128.338	0	0	3
246	1535	0	2.82774511	101324.986	101324.986	101324.986	101324.986	0.000245540752	0.00539793582	0	128.264	0	0	3
247	1541	0	2.83924001	101324.986	101324.986	101324.986	101324.986	0.000227863711	0.00539793582	0	128.91	0	0	3
248	1547	0	2.85073491	101324.986	101324.986	101324.986	101324.986	0.000211277162	0.00539793582	0	128.77	0	0	3
249	1553	0	2.86222981	101324.986	101324.986	101324.986	101324.986	0.000196388632	0.00539793582	0	129.384	0	0	3
250	1559	0	2.87372471	101324.986	101324.986	101324.986	101324.986	0.000180709205	0.00539793582	0	129.238	0	0	3
251	1565	0	2.88521961	101324.986	101324.986	101324.986	101324.986	0.000163122691	0.00539793582	0	129.849	0	0	3
252	1571	0	2.8967145	101324.986	101324.986	101324.986	101324.986	0.000148136896	0.00539793582	0	129.675	0	0	3
253	1577	0	2.9082094	101324.986	101324.986	101324.986	101324.986	0.000133089896	0.00539793582	0	130.253	0	0	3
254	1583	0	2.9197043	101324.986	101324.986	101324.986	101324.986	0.000117539239	0.00539793582	0	130.019	0	0	3
255	1589	0	2.9311992	101324.986	101324.986	101324.986	101324.986	0.000105900908	0.00539793582	0	130.478	0	0	3
256	1596	0	2.9426941	101324.985	101324.986	101324.985	101324.986	0.000100895515	0.00539793582	0	129.849	0	0	3
257	1602	0	2.954189	101324.985	101324.986	101324.985	101324.986	9.76139709e-005	0.00539793582	0	130.194	0	0	3
258	1608	0	2.9656839	101324.985	101324.986	101324.985	101324.986	9.43052146e-005	0.00539793582	0	129.569	0	0	3
259	1614	0	2.9771788	101324.985	101324.986	101324.985	101324.986	9.40593163e-005	0.00539793582	0	129.792	0	0	3
260	1620	0	2.9886737	101324.985	101324.986	101324.985	101324.986	9.51820402e-005	0.00539793582	0	128.82	0	0	3
261	1626	0	3.00016859	101324.985	101324.986	101324.985	101324.986	0.000100095436	0.00539793582	0	129.029	0	0	3
262	1632	0	3.01166349	101324.985	101324.986	101324.985	101324.986	0.000104263614	0.00539793582	0	128.196	0	0	3
263	1638	0	3.02315839	101324.985	101324.986	101324.985	101324.986	0.000106546897	0.00539793582	0	128.367	0	0	3
264	1644	0	3.03465329	101324.985	101324.986	101324.985	101324.986	0.000111033878	0.00539793582	0	127.048	0	0	3
265	1650	0	3.04614819	101324.985	101324.986	101324.985	101324.986	0.000114925075	0.00539793582	0	127.173	0	0	3
266	1656	0	3.05764309	101324.985	101324.986	101324.985	101324.986	0.000118992495	0.00539793582	0	125.715	0	0	3
267	1662	0	3.06913799	101324.985	101324.986	101324.985	101324.986	0.000125333667	0.00539793582	0	125.853	0	0	3
268	1668	0	3.08063289	101324.985	101324.986	101324.985	101324.986	0.000133893031	0.00539793582	0	124.406	0	0	3
269	1675	0	3.09212779	101324.985	101324.986	101324.985	101324.986	0.000144116188	0.00539793582	0	124.596	0	0	3
270	1681	0	3.10362268	101324.985	101324.986	101324.985	101324.986	0.000154028618	0.00539793582	0	123.21	0	0	3
271	1687	0	3.11511758	101324.985	101324.986	101324.985	101324.986	0.000165131249	0.00539793582	0	123.466	0	0	3
272	1693	0	3.12661248	101324.985	101324.986	101324.985	101324.986	0.000177520487	0.00539793582	0	122.167	0	0	3
273	1699	0	3.13810738	101324.985	101324.986	101324.985	101324.986	0.000189383907	0.00539793582	0	122.445	0	0	3
274	1705	0	3.14960228	101324.985	101324.986	101324.985	101324.986	0.000198867914	0.00539793582	0	121.169	0	0	3
275	1711	0	3.16109718	101324.985	101324.986	101324.985	101324.986	0.000206816345	0.00539793582	0	121.504	0	0	3
276	1717	0	3.17259208	101324.986	101324.986	101324.985	101324.986	0.000215225824	0.00539793582	0	120.293	0	0	3
277	1723	0	3.18408698	101324.985	101324.986	101324.985	101324.986	0.000225464624	0.00539793582	0	120.66	0	0	3
278	1729	0	3.19558187	101324.986	101324.986	101324.985	101324.986	0.000235719213	0.00539793582	0	119.499	0	0	3
279	1736	0	3.20707677	101324.986	101324.986	101324.985	101324.986	0.000242825714	0.00539793582	0	119.893	0	0	3
280	1742	0	3.21857167	101324.986	101324.986	101324.985	101324.986	0.000251856909	0.00539793582	0	118.763	0	0	3
281	1748	0	3.23006657	101324.986	101324.986	101324.985	101324.986	0.000260109562	0.00539793582	0	119.178	0	0	3
282	1754	0	3.24156147	101324.986	101324.986	101324.985	101324.986	0.000267295749	0.00539793582	0	118.091	0	0	3
283	1760	0	3.25305637	101324.986	101324.986	101324.985	101324.986	0.000269696582	0.00539793582	0	118.514	0	0	3
284	1766	0	3.26455127	101324.986	101324.986	101324.985	101324.986	0.000272004676	0.00539793582	0	117.417	0	0	3
285	1772	0	3.27604617	101324.986	101324.986	101324.985	101324.986	0.000272004676	0.00539793582	0	117.852	0	0	3
286	1778	0	3.28754107	101324.986	101324.986	101324.985	101324.986	0.000272004676	0.00539793582	0	116.777	0	0	3
287	1784	0	3.29903596	101324.986	101324.986	101324.985	101324.986	0.000272004676	0.00539793582	0	117.233	0	0	3
288	1790	0	3.31053086	101324.986	101324.986	101324.985	101324.986	0.000272004676	0.00539793582	0	116.164	0	0	3
289	1796	0	3.32202576	101324.986	101324.986	101324.985	101324.986	0.000272004676	0.00539793582	0	116.603	0	0	3
290	1802	0	3.33352066	101324.986	101324.986	101324.985	101324.986	0.000272004676	0.00539793582	0	115.56	0	0	3
291	1808	0	3.34501556	101324.986	101324.986	101324.985	101324.986	0.000272004676	0.00539793582	0	116.01	0	0	3
292	1814	0	3.35651046	101324.986	101324.986	101324.985	101324.986	0.000272004676	0.00539793582	0	114.975	0	0	3
293	1820	0	3.36800536	101324.986	101324.986	101324.985	101324.986	0.000271842844	0.00539793582	0	115.432	0	0	3
294	1826	0	3.37950026	101324.986	101324.986	101324.985	101324.986	0.000269551005	0.00539793582	0	114.429	0	0	3
295	1832	0	3.39099515	101324.986	101324.986	101324.985	101324.986	0.000266180592	0.00539793582	0	114.87	0	0	3
296	1839	0	3.40249005	101324.986	101324.986	101324.985	101324.986	0.000260708854	0.00539793582	0	113.852	0	0	3
297	1845	0	3.41398495	101324.986	101324.986	101324.985	101324.986	0.000255567487	0.00539793582	0	114.319	0	0	3
298	1851	0	3.42547985	101324.986	101324.986	101324.985	101324.986	0.000250539175	0.00539793582	0	113.327	0	0	3
299	1857	0	3.43697475	101324.986	101324.986	101324.985	101324.986	0.000241455476	0.00539793582	0	113.8	0	0	3
300	1863	0	3.44846965	101324.986	101324.986	101324.985	101324.986	0.000232083621	0.00539793582	0	112.811	0	0	3
301	1870	0	3.45996455	101324.986	101324.986	101324.985	101324.986	0.000222582312	0.00539793582	0	113.288	0	0	3
302	1876	0	3.47145945	101324.986	101324.986	101324.985	101324.986	0.000214300046	0.00539793582	0	112.339	0	0	3
303	1882	0	3.48295435	101324.986	101324.986	101324.985	101324.986	0.000206061435	0.00539793582	0	112.806	0	0	3
304	1888	0	3.49444924	101324.986	101324.986	101324.985	101324.986	0.000194912282	0.00539793582	0	111.835	0	0	3
305	1894	0	3.50594414	101324.986	101324.986	101324.985	101324.986	0.000183739859	0.00539793582	0	112.311	0	0	3
306	1900	0	3.51743904	101324.986	101324.986	101324.985	101324.986	0.000175328722	0.00539793582	0	111.363	0	0	3
307	1907	0	3.52893394	101324.986	101324.986	101324.985	101324.986	0.000180592047	0.00539793582	0	111.847	0	0	3
308	1913	0	3.54042884	101324.986	101324.986	101324.985	101324.986	0.000187847851	0.00539793582	0	110.932	0	0	3
309	1919	0	3.55192374	101324.986	101324.986	101324.985	101324.986	0.000194277702	0.00539793582	0	111.417	0	0	3
310	1925	0	3.56341864	101324.986	101324.986	101324.985	101324.986	0.000200296025	0.00539793582	0	110.47	0	0	3
311	1931	0	3.57491354	101324.986	101324.986	101324.985	101324.986	0.000203854943	0.00539793582	0	110.962	0	0	3
312	1937	0	3.58640843	101324.986	101324.986	101324.985	101324.986	0.000210615661	0.00539793582	0	110.055	0	0	3
313	1943	0	3.59790333	101324.986	101324.986	101324.985	101324.986	0.0002178461	0.00539793582	0	110.536	0	0	3
314	1949	0	3.60939823	101324.986	101324.986	101324.985	101324.986	0.000224649892	0.00539793582	0	109.604	0	0	3
315	1956	0	3.62089313	101324.986	101324.986	101324.985	101324.986	0.000228130302	0.00539793582	0	110.093	0	0	3
316	1962	0	3.63238803	101324.985	101324.986	101324.985	101324.986	0.000230782331	0.00539793582	0	109.173	0	0	3
317	1968	0	3.64388293	101324.985	101324.986	101324.985	101324.986	0.000232256876	0.00539793582	0	109.693	0	0	3
318	1974	0	3.65537783	101324.986	101324.986	101324.985	101324.986	0.000234315114	0.00539793582	0	108.777	0	0	3
319	1980	0	3.66687273	101324.986	101324.986	101324.985	101324.986	0.000235677318	0.00539793582	0	109.273	0	0	3
320	1986	0	3.67836763	101324.985	101324.986	101324.985	101324.986	0.000235677318	0.00539793582	0	108.383	0	0	3
321	1992	0	3.68986252	101324.986	101324.986	101324.985	101324.986	0.000237216183	0.00539793582	0	108.907	0	0	3
322	1998	0	3.70135742	101324.986	101324.986	101324.985	101324.986	0.00023862363	0.00539793582	0	108.024	0	0	3
323	2004	0	3.71285232	101324.986	101324.986	101324.985	101324.986	0.00023862363	0.00539793582	0	108.546	0	0	3
324	2010	0	3.72434722	101324.986	101324.986	101324.985	101324.986	0.00023862363	0.00539793582	0	107.667	0	0	3
325	2016	0	3.73584212	101324.985	101324.986	101324.985	101324.986	0.00023862363	0.00539793582	0	108.186	0	0	3
326	2022	0	3.74733702	101324.985	101324.986	101324.985	101324.986	0.00023862363	0.00539793582	0	107.332	0	0	3
327	2029	0	3.75883192	101324.985	101324.986	101324.985	101324.986	0.00023862363	0.00539793582	0	107.865	0	0	3
328	2035	0	3.77032682	101324.986	101324.986	101324.985	101324.986	0.00023797639	0.00539793582	0	106.999	0	0	3
329	2041	0	3.78182171	101324.985	101324.986	101324.985	101324.986	0.000235593077	0.00539793582	0	107.607	0	0	3
330	2047	0	3.79331661	101324.985	101324.986	101324.985	101324.986	0.000230290112	0.00539793582	0	106.92	0	0	3
331	2053	0	3.80481151	101324.985	101324.986	101324.985	101324.986	0.000226583448	0.00539793582	0	107.599	0	0	3
332	2059	0	3.81630641	101324.986	101324.986	101324.985	101324.986	0.000221644528	0.00539793582	0	107.174	0	0	3
333	2065	0	3.82780131	101324.986	101324.986	101324.985	101324.986	0.00021796058	0.00539793582	0	107.973	0	0	3
334	2071	0	3.83929621	101324.986	101324.986	101324.985	101324.986	0.000213543361	0.00539793582	0	107.888	0	0	3
335	2077	0	3.85079111	101324.986	101324.986	101324.985	101324.986	0.000210263766	0.00539793582	0	108.821	0	0	3
336	2083	0	3.86228601	101324.986	101324.986	101324.985	101324.986	0.000203988864	0.00539793582	0	108.959	0	0	3
337	2089	0	3.87378091	101324.986	101324.986	101324.985	101324.986	0.000197852918	0.00539793582	0	109.869	0	0	3
338	2096	0	3.8852758	101324.986	101324.986	101324.985	101324.986	0.000189942293	0.00539793582	0	110.091	0	0	3
339	2102	0	3.8967707	101324.986	101324.986	101324.985	101324.986	0.000181802534	0.00539793582	0	111.042	0	0	3
340	2108	0	3.9082656	101324.986	101324.986	101324.985	101324.986	0.000173782595	0.00539793582	0	111.298	0	0	3
341	2114	0	3.9197605	101324.986	101324.986	101324.985	101324.986	0.00016682272	0.00539793582	0	112.16	0	0	3
342	2120	0	3.9312554	101324.986	101324.986	101324.985	101324.986	0.00017082358	0.00539793582	0	112.265	0	0	3
343	2126	0	3.9427503	101324.986	101324.986	101324.985	101324.986	0.000175035879	0.00539793582	0	113.038	0	0	3
344	2132	0	3.9542452	101324.986	101324.986	101324.985	101324.986	0.00017989942	0.00539793582	0	112.881	0	0	3
345	2139	0	3.9657401	101324.986	101324.986	101324.985	101324.986	0.000185601268	0.00539793582	0	113.627	0	0	3
346	2145	0	3.97723499	101324.986	101324.986	101324.985	101324.986	0.000192413921	0.00539793582	0	113.364	0	0	3
347	2150	0	3.98872989	101324.986	101324.986	101324.985	101324.986	0.000199375194	0.00539793582	0	114.115	0	0	3
348	2157	0	4.00022479	101324.986	101324.986	101324.985	101324.986	0.000204358614	0.00539793582	0	113.823	0	0	3
