Iteration	CPUTime	PhysTime	Travels	Value	AvValue	MinValue	MaxValue	Delta	Criteria	Progress	dGMaxMin	CriteriaType	CriteriaVarType	CriteriaPercentage
1	24	0	0.011190137	-11.4837542	-11.4837542	-11.4837542	-11.4837542	0	0	0	0	0	0	3
2	32	0	0.0223802741	-1.3345204	-6.4091373	-11.4837542	-1.3345204	5.0746169	0	0	0	0	0	3
3	39	0	0.0335704111	-0.762181258	-4.52681862	-11.4837542	-0.762181258	6.95693558	0	0	0	0	0	3
4	46	0	0.0447605481	-0.260728482	-3.46029608	-11.4837542	-0.260728482	8.02345812	0	0	0	0	0	3
5	54	0	0.0559506852	0.0814026996	-2.75195633	-11.4837542	0.0814026996	8.73179787	0	0	0	0	0	3
6	62	0	0.0671408222	-0.271617742	-2.33856656	-11.4837542	0.0814026996	9.14518764	0	0	0	0	0	3
7	70	0	0.0783309593	0.241816169	-1.96994046	-11.4837542	0.241816169	9.51381374	0	0	0	0	0	3
8	77	0	0.0895210963	-0.382461512	-1.77150559	-11.4837542	0.241816169	9.71224861	0	0	0	0	0	3
9	84	0	0.100711233	0.233814762	-1.54869222	-11.4837542	0.241816169	9.93506198	0	0	0	0	0	3
10	91	0	0.11190137	-0.459326532	-1.43975565	-11.4837542	0.241816169	10.0439986	0	0	0	0	0	3
11	97	0	0.123091507	-0.193046525	-1.32641846	-11.4837542	0.241816169	10.1573357	0	0	0	0	0	3
12	105	0	0.134281644	-0.584536844	-1.26459499	-11.4837542	0.241816169	10.2191592	0	0	0	0	0	3
13	111	0	0.145471781	-0.510898233	-1.20661832	-11.4837542	0.241816169	10.2771359	0	0	0	0	0	3
14	118	0	0.156661919	-0.473161705	-1.15422856	-11.4837542	0.241816169	10.3295256	0	0	0	0	0	3
15	125	0	0.167852056	-0.605340507	-1.11763602	-11.4837542	0.241816169	10.3661182	0	0	0	0	0	3
16	132	0	0.179042193	-0.43858638	-1.07519542	-11.4837542	0.241816169	10.4085588	0	0	0	0	0	3
17	139	0	0.19023233	-0.402108748	-1.03560208	-11.4837542	0.241816169	10.4481521	0	0	0	0	0	3
18	146	0	0.201422467	-0.344290883	-0.997195907	-11.4837542	0.241816169	10.4865583	0	0	0	0	0	3
19	153	0	0.212612604	-0.346334997	-0.962940069	-11.4837542	0.241816169	10.5208141	0	0	0	0	0	3
20	159	0	0.223802741	-0.37326627	-0.933456379	-11.4837542	0.241816169	10.5502978	0	0	0	0	0	3
21	166	0	0.234992878	-0.296719549	-0.903135578	-11.4837542	0.241816169	10.5806186	0	0	0	0	0	3
22	173	0	0.246183015	-0.318379554	-0.876555759	-11.4837542	0.241816169	10.6071984	0	0	0	0	0	3
23	180	0	0.257373152	-0.177014649	-0.846140928	-11.4837542	0.241816169	10.6376133	0	0	0	0	0	3
24	187	0	0.268563289	-0.105870533	-0.815296328	-11.4837542	0.241816169	10.6684579	0	0	0	0	0	3
25	194	0	0.279753426	-0.0724047541	-0.785580665	-11.4837542	0.241816169	10.6981735	0	0	0	0	0	3
26	201	0	0.290943563	0.0321415814	-0.754129809	-11.4837542	0.241816169	10.7296244	0	0	0	0	0	3
27	207	0	0.3021337	0.217499789	-0.718143528	-11.4837542	0.241816169	10.7656107	0	0	0	0	0	3
28	214	0	0.313323837	0.21211497	-0.68492001	-11.4837542	0.241816169	10.7988342	0	0	0	0	0	3
29	221	0	0.324513974	0.331620851	-0.649866877	-11.4837542	0.331620851	10.8338873	0	0	0	0	0	3
30	228	0	0.335704111	0.344982156	-0.616705243	-11.4837542	0.344982156	10.867049	0	0	0	0	0	3
31	235	0	0.346894248	0.39099937	-0.584198642	-11.4837542	0.39099937	10.8995556	0	0	0	0	0	3
32	241	0	0.358084385	0.291976215	-0.556818178	-11.4837542	0.39099937	10.926936	0	0	0	0	0	3
33	248	0	0.369274522	0.292511943	-0.531080902	-11.4837542	0.39099937	10.9526733	0	0	0	0	0	3
34	255	0	0.380464659	0.122499046	-0.511857962	-11.4837542	0.39099937	10.9718962	0	0	0	0	0	3
35	262	0	0.391654796	0.153749946	-0.492840593	-11.4837542	0.39099937	10.9909136	0	0	0	0	0	3
36	269	0	0.402844933	0.113448816	-0.475999221	-11.4837542	0.39099937	11.007755	0	0	0	0	0	3
37	276	0	0.41403507	0.190532409	-0.457984852	-11.4837542	0.39099937	11.0257693	0	0	0	0	0	3
38	283	0	0.425225207	0.243464879	-0.439525649	-11.4837542	0.39099937	11.0442286	0	0	0	0	0	3
39	290	0	0.436415344	0.419842284	-0.417490574	-11.4837542	0.419842284	11.0662636	0	0	0	0	0	3
40	297	0	0.447605481	0.533177817	-0.393723864	-11.4837542	0.533177817	11.0900303	0	0	0	0	0	3
41	304	0	0.458795619	0.636256107	-0.368602401	-11.4837542	0.636256107	11.1151518	0	0	0	0	0	3
42	311	0	0.469985756	0.69319452	-0.343321522	-11.4837542	0.69319452	11.1404327	0	0	0	0	0	3
43	318	0	0.481175893	0.673975762	-0.319663446	-11.4837542	0.69319452	11.1640908	0	0	0	0	0	3
44	325	0	0.49236603	0.620055648	-0.298306194	-11.4837542	0.69319452	11.185448	0	0	0	0	0	3
45	332	0	0.503556167	0.587365519	-0.2786246	-11.4837542	0.69319452	11.2051296	0	0	0	0	0	3
46	339	0	0.514746304	0.595864823	-0.0101886217	-1.3345204	0.69319452	2.02771492	0	0	0	0	0	3
47	346	0	0.525936441	0.628050303	0.0334240605	-0.762181258	0.69319452	1.45537578	0	0	0	0	0	3
48	353	0	0.537126578	0.685032596	0.0655843684	-0.605340507	0.69319452	1.29853503	0	0	0	0	0	3
49	360	0	0.548316715	0.726470893	0.0875221323	-0.605340507	0.726470893	1.3318114	0	0	0	0	0	3
50	367	0	0.559506852	0.792742755	0.103329689	-0.605340507	0.792742755	1.39808326	0	0	0	0	0	3
51	375	0	0.570696989	0.79851276	0.127110367	-0.605340507	0.79851276	1.40385327	0	0	0	0	0	3
52	382	0	0.581887126	0.714161356	0.137606927	-0.605340507	0.79851276	1.40385327	0	0	0	0	0	3
53	389	0	0.593077263	0.546506473	0.15825066	-0.605340507	0.79851276	1.40385327	0	0	0	0	0	3
54	396	0	0.6042674	0.292206171	0.159548247	-0.605340507	0.79851276	1.40385327	0	0	0	0	0	3
55	403	0	0.615457537	0.113536785	0.172278542	-0.605340507	0.79851276	1.40385327	0	0	0	0	0	3
56	410	0	0.626647674	0.0755866694	0.178248169	-0.605340507	0.79851276	1.40385327	0	0	0	0	0	3
57	417	0	0.637837811	0.198214098	0.195642634	-0.605340507	0.79851276	1.40226095	0	0	0	0	0	3
58	424	0	0.649027948	0.400790244	0.215902378	-0.605340507	0.79851276	1.37013094	0	0	0	0	0	3
59	431	0	0.660218085	0.577704234	0.239254955	-0.605340507	0.79851276	1.35689098	0	0	0	0	0	3
60	438	0	0.671408222	0.769578678	0.269808714	-0.43858638	0.79851276	1.23709914	0	0	0	0	0	3
61	445	0	0.682598359	0.881730066	0.29914908	-0.402108748	0.881730066	1.28383881	0	0	0	0	0	3
62	452	0	0.693788496	0.914898613	0.32841591	-0.37326627	0.914898613	1.28816488	0	0	0	0	0	3
63	459	0	0.704978633	0.840314408	0.354740472	-0.37326627	0.914898613	1.28816488	0	0	0	0	0	3
64	467	0	0.71616877	0.723931849	0.37852418	-0.37326627	0.914898613	1.28816488	0	0	0	0	0	3
65	474	0	0.727358907	0.593126238	0.399999569	-0.318379554	0.914898613	1.23327817	0	0	0	0	0	3
66	480	0	0.738549044	0.518157464	0.418107947	-0.318379554	0.914898613	1.23327817	0	0	0	0	0	3
67	488	0	0.749739182	0.509868927	0.436513469	-0.177014649	0.914898613	1.09191326	0	0	0	0	0	3
68	495	0	0.760929319	0.516773715	0.451930988	-0.105870533	0.914898613	1.02076915	0	0	0	0	0	3
69	502	0	0.772119456	0.485960472	0.465082788	-0.0724047541	0.914898613	0.987303367	0	0	0	0	0	3
70	509	0	0.783309593	0.488164595	0.477539885	0.0321415814	0.914898613	0.882757031	0	0	0	0	0	3
71	516	0	0.79449973	0.539418527	0.488812706	0.0755866694	0.914898613	0.839311943	0	0	0	0	0	3
72	523	0	0.805689867	0.654234129	0.498517913	0.0755866694	0.914898613	0.839311943	0	0	0	0	0	3
73	530	0	0.816880004	0.763125408	0.51076259	0.0755866694	0.914898613	0.839311943	0	0	0	0	0	3
74	537	0	0.828070141	0.830566506	0.521850271	0.0755866694	0.914898613	0.839311943	0	0	0	0	0	3
75	544	0	0.839260278	0.832699271	0.532688429	0.0755866694	0.914898613	0.839311943	0	0	0	0	0	3
76	551	0	0.850450415	0.745138616	0.54055819	0.0755866694	0.914898613	0.839311943	0	0	0	0	0	3
77	558	0	0.861640552	0.617246153	0.547786411	0.0755866694	0.914898613	0.839311943	0	0	0	0	0	3
78	565	0	0.872830689	0.493030434	0.552242377	0.0755866694	0.914898613	0.839311943	0	0	0	0	0	3
79	572	0	0.884020826	0.416459596	0.558774834	0.0755866694	0.914898613	0.839311943	0	0	0	0	0	3
80	579	0	0.895210963	0.427641572	0.564861315	0.0755866694	0.914898613	0.839311943	0	0	0	0	0	3
81	586	0	0.9064011	0.459421479	0.572549596	0.0755866694	0.914898613	0.839311943	0	0	0	0	0	3
82	593	0	0.917591237	0.558424708	0.58072498	0.0755866694	0.914898613	0.839311943	0	0	0	0	0	3
83	600	0	0.928781374	0.668528592	0.590170841	0.0755866694	0.914898613	0.839311943	0	0	0	0	0	3
84	607	0	0.939971511	0.801239865	0.598646343	0.0755866694	0.914898613	0.839311943	0	0	0	0	0	3
85	614	0	0.951161648	0.858724079	0.605880704	0.0755866694	0.914898613	0.839311943	0	0	0	0	0	3
86	621	0	0.962351785	0.869394256	0.611061552	0.0755866694	0.914898613	0.839311943	0	0	0	0	0	3
87	628	0	0.973541922	0.819687433	0.613872505	0.0755866694	0.914898613	0.839311943	0	0	0	0	0	3
88	635	0	0.984732059	0.735498886	0.615239686	0.0755866694	0.914898613	0.839311943	0	0	0	0	0	3
89	642	0	0.995922196	0.632660078	0.615519784	0.0755866694	0.914898613	0.839311943	0	0	0	0	0	3
90	649	0	1.00711233	0.592544176	0.615634865	0.0755866694	0.914898613	0.625823487	0.0503123961	8	0	0	0	3
91	656	0	1.01830247	0.583770062	0.615366093	0.0755866694	0.914898613	0.582210805	0.0503123961	8.6	0	0	0	3
92	663	0	1.02949261	0.653444687	0.615930413	0.0755866694	0.914898613	0.550346044	0.0503123961	9.1	0	0	0	3
93	670	0	1.04068274	0.726809022	0.616858778	0.0755866694	0.914898613	0.529336645	0.0503123961	9.5	0	0	0	3
94	677	0	1.05187288	0.835506712	0.619281796	0.0755866694	0.914898613	0.515952107	0.0503123961	9.7	0	0	0	3
95	684	0	1.06306302	0.899785126	0.621660515	0.0755866694	0.914898613	0.494550148	0.0503123961	10.1	0	0	0	3
96	691	0	1.07425316	0.924338543	0.624456644	0.0755866694	0.924338543	0.486849717	0.0503123961	10.3	0	0	0	3
97	698	0	1.08544329	0.893732209	0.628447107	0.0755866694	0.924338543	0.470196447	0.0503123961	10.7	0	0	0	3
98	704	0	1.09663343	0.842046242	0.635014658	0.0755866694	0.924338543	0.475466411	0.0503123961	10.5	0	0	0	3
99	711	0	1.10782357	0.762035727	0.645455314	0.0755866694	0.924338543	0.473176772	0.0503123961	10.6	0	0	0	3
100	718	0	1.1190137	0.735265869	0.659271516	0.0755866694	0.924338543	0.481023347	0.0503123961	10.4	0	0	0	3
101	727	0	1.13020384	0.70476113	0.673253171	0.198214098	0.924338543	0.477610536	0.0503123961	10.5	0	0	0	3
102	734	0	1.14139398	0.72293174	0.684913563	0.400790244	0.924338543	0.469011185	0.0503123961	10.7	0	0	0	3
103	741	0	1.15258411	0.750577225	0.692686607	0.416459596	0.924338543	0.453431652	0.0503123961	11	0	0	0	3
104	748	0	1.16377425	0.802395691	0.69767975	0.416459596	0.924338543	0.427871036	0.0503123961	11.7	0	0	0	3
105	755	0	1.17496439	0.83578263	0.699150949	0.416459596	0.924338543	0.40000187	0.0503123961	12.5	0	0	0	3
106	762	0	1.18615453	0.869347967	0.698875792	0.416459596	0.924338543	0.370735039	0.0503123961	13.5	0	0	0	3
107	769	0	1.19734466	0.875235562	0.697994391	0.416459596	0.924338543	0.344410477	0.0503123961	14.6	0	0	0	3
108	776	0	1.2085348	0.880665902	0.69889109	0.416459596	0.924338543	0.32062677	0.0503123961	15.6	0	0	0	3
109	783	0	1.21972494	0.865712171	0.702041764	0.416459596	0.924338543	0.302042195	0.0503123961	16.6	0	0	0	3
110	790	0	1.23091507	0.860256557	0.707977994	0.416459596	0.924338543	0.289870047	0.0503123961	17.3	0	0	0	3
111	796	0	1.24210521	0.836841534	0.715059862	0.416459596	0.924338543	0.278546393	0.0503123961	18	0	0	0	3
112	804	0	1.25329535	0.832143846	0.722221527	0.416459596	0.924338543	0.270290539	0.0503123961	18.6	0	0	0	3
113	811	0	1.26448549	0.818755058	0.728932223	0.416459596	0.924338543	0.263849435	0.0503123961	19	0	0	0	3
114	817	0	1.27567562	0.837247037	0.736738591	0.416459596	0.924338543	0.259198707	0.0503123961	19.4	0	0	0	3
115	824	0	1.28686576	0.851541737	0.744813639	0.416459596	0.924338543	0.256000933	0.0503123961	19.6	0	0	0	3
116	831	0	1.2980559	0.890359058	0.752612317	0.416459596	0.924338543	0.254094404	0.0503123961	19.8	0	0	0	3
117	838	0	1.30924603	0.889979699	0.757851108	0.416459596	0.924338543	0.247088518	0.0503123961	20.3	0	0	0	3
118	845	0	1.32043617	0.911961269	0.761158571	0.416459596	0.924338543	0.2393083	0.0503123961	21	0	0	0	3
119	852	0	1.33162631	0.901297565	0.762730373	0.416459596	0.924338543	0.230041944	0.0503123961	21.8	0	0	0	3
120	859	0	1.34281644	0.902505972	0.764281633	0.416459596	0.924338543	0.223723443	0.0503123961	22.4	0	0	0	3
121	866	0	1.35400658	0.874390132	0.767153889	0.416459596	0.924338543	0.219367478	0.0503123961	22.9	0	0	0	3
122	872	0	1.36519672	0.879404008	0.772979619	0.416459596	0.924338543	0.220737241	0.0503123961	22.7	0	0	0	3
123	879	0	1.37638686	0.879173295	0.781560571	0.416459596	0.924338543	0.222785737	0.0503123961	22.5	0	0	0	3
124	886	0	1.38757699	0.908389176	0.79249234	0.427641572	0.924338543	0.227631025	0.0503123961	22.1	0	0	0	3
125	893	0	1.39876713	0.903642006	0.803070127	0.459421479	0.924338543	0.230520531	0.0503123961	21.8	0	0	0	3
126	900	0	1.40995727	0.909748822	0.813077401	0.558424708	0.924338543	0.232352421	0.0503123961	21.6	0	0	0	3
127	907	0	1.4211474	0.893910073	0.820532632	0.583770062	0.924338543	0.230361791	0.0503123961	21.8	0	0	0	3
128	914	0	1.43233754	0.900568878	0.825689082	0.583770062	0.924338543	0.22704274	0.0503123961	22.1	0	0	0	3
129	920	0	1.44352768	0.892433438	0.827715606	0.583770062	0.924338543	0.221834902	0.0503123961	22.6	0	0	0	3
130	927	0	1.45471781	0.905931784	0.828764666	0.583770062	0.924338543	0.217703115	0.0503123961	23.1	0	0	0	3
131	934	0	1.46590795	0.906845089	0.829596907	0.583770062	0.924338543	0.215724402	0.0503123961	23.3	0	0	0	3
132	941	0	1.47709809	0.919004078	0.831803944	0.583770062	0.924338543	0.216564258	0.0503123961	23.2	0	0	0	3
133	948	0	1.48828823	0.919938222	0.835902596	0.583770062	0.924338543	0.220536503	0.0503123961	22.8	0	0	0	3
134	955	0	1.49947836	0.911541067	0.842099951	0.583770062	0.924338543	0.226733858	0.0503123961	22.1	0	0	0	3
135	961	0	1.5106685	0.885404578	0.84860796	0.583770062	0.924338543	0.233241867	0.0503123961	21.5	0	0	0	3
136	968	0	1.52185864	0.880429863	0.8552004	0.653444687	0.924338543	0.239269987	0.0503123961	21	0	0	0	3
137	975	0	1.53304877	0.876985219	0.860167967	0.70476113	0.924338543	0.219577414	0.0503123961	22.9	0	0	0	3
138	982	0	1.54423891	0.892037777	0.863839717	0.70476113	0.924338543	0.219577414	0.0503123961	22.9	0	0	0	3
139	989	0	1.55542905	0.891300516	0.86507958	0.70476113	0.924338543	0.219577414	0.0503123961	22.9	0	0	0	3
140	996	0	1.56661919	0.906073537	0.865219322	0.70476113	0.924338543	0.219577414	0.0503123961	22.9	0	0	0	3
141	1003	0	1.57780932	0.899951521	0.864677388	0.70476113	0.919938222	0.215177093	0.0503123961	23.3	0	0	0	3
142	1010	0	1.58899946	0.895304266	0.864712323	0.70476113	0.919938222	0.215177093	0.0503123961	23.3	0	0	0	3
143	1017	0	1.6001896	0.875564439	0.865457172	0.70476113	0.919938222	0.215177093	0.0503123961	23.3	0	0	0	3
144	1024	0	1.61137973	0.881418944	0.868110132	0.70476113	0.919938222	0.208838616	0.0503123961	24	0	0	0	3
145	1030	0	1.62256987	0.87562417	0.871229206	0.70476113	0.919938222	0.197976035	0.0503123961	25.4	0	0	0	3
146	1038	0	1.63376001	0.909830869	0.875786311	0.72293174	0.919938222	0.190872748	0.0503123961	26.3	0	0	0	3
147	1044	0	1.64495014	0.918042517	0.880122106	0.750577225	0.919938222	0.169360997	0.0503123961	29.7	0	0	0	3
148	1051	0	1.65614028	0.934985003	0.884220056	0.802395691	0.934985003	0.132589311	0.0503123961	37.9	0	0	0	3
149	1058	0	1.66733042	0.911279066	0.886639687	0.818755058	0.934985003	0.116229945	0.0503123961	43.2	0	0	0	3
150	1065	0	1.67852056	0.90596035	0.888199192	0.818755058	0.934985003	0.116229945	0.0503123961	43.2	0	0	0	3
151	1072	0	1.68971069	0.887627216	0.888605397	0.818755058	0.934985003	0.116229945	0.0503123961	43.2	0	0	0	3
152	1079	0	1.70090083	0.891212276	0.888960436	0.818755058	0.934985003	0.116229945	0.0503123961	43.2	0	0	0	3
153	1086	0	1.71209097	0.893219089	0.889239395	0.818755058	0.934985003	0.116229945	0.0503123961	43.2	0	0	0	3
154	1093	0	1.7232811	0.912713151	0.890283861	0.818755058	0.934985003	0.116229945	0.0503123961	43.2	0	0	0	3
155	1100	0	1.73447124	0.903413798	0.891242911	0.818755058	0.934985003	0.116229945	0.0503123961	43.2	0	0	0	3
156	1107	0	1.74566138	0.920526232	0.893102571	0.818755058	0.934985003	0.116229945	0.0503123961	43.2	0	0	0	3
157	1114	0	1.75685151	0.883656798	0.894247303	0.818755058	0.934985003	0.116229945	0.0503123961	43.2	0	0	0	3
158	1121	0	1.76804165	0.881018841	0.895630943	0.837247037	0.934985003	0.0977379664	0.0503123961	51.4	0	0	0	3
159	1128	0	1.77923179	0.856271606	0.896053711	0.851541737	0.934985003	0.0834432661	0.0503123961	60.2	0	0	0	3
160	1135	0	1.79042193	0.8745794	0.896565659	0.856271606	0.934985003	0.0787133964	0.0503123961	63.9	0	0	0	3
161	1142	0	1.80161206	0.872601802	0.896171054	0.856271606	0.934985003	0.0787133964	0.0503123961	63.9	0	0	0	3
162	1148	0	1.8128022	0.897463604	0.896337363	0.856271606	0.934985003	0.0787133964	0.0503123961	63.9	0	0	0	3
163	1155	0	1.82399234	0.889555823	0.895839464	0.856271606	0.934985003	0.0787133964	0.0503123961	63.9	0	0	0	3
164	1162	0	1.83518247	0.896685261	0.895736968	0.856271606	0.934985003	0.0787133964	0.0503123961	63.9	0	0	0	3
165	1169	0	1.84637261	0.880482401	0.895247556	0.856271606	0.934985003	0.0787133964	0.0503123961	63.9	0	0	0	3
166	1176	0	1.85756275	0.899211922	0.895799151	0.856271606	0.934985003	0.0787133964	0.0503123961	63.9	0	0	0	3
167	1183	0	1.86875289	0.887554095	0.895980264	0.856271606	0.934985003	0.0787133964	0.0503123961	63.9	0	0	0	3
168	1190	0	1.87994302	0.909108236	0.896645485	0.856271606	0.934985003	0.0787133964	0.0503123961	63.9	0	0	0	3
169	1197	0	1.89113316	0.911966121	0.896724973	0.856271606	0.934985003	0.0787133964	0.0503123961	63.9	0	0	0	3
170	1204	0	1.9023233	0.932759006	0.897372017	0.856271606	0.934985003	0.0787133964	0.0503123961	63.9	0	0	0	3
171	1210	0	1.91351343	0.921977048	0.897643755	0.856271606	0.934985003	0.0771111236	0.0503123961	65.2	0	0	0	3
172	1217	0	1.92470357	0.914941981	0.898111131	0.856271606	0.934985003	0.0724220486	0.0503123961	69.4	0	0	0	3
173	1224	0	1.93589371	0.894889438	0.897984921	0.856271606	0.934985003	0.0703955247	0.0503123961	71.4	0	0	0	3
174	1231	0	1.94708384	0.890660265	0.897945517	0.856271606	0.934985003	0.0693464646	0.0503123961	72.5	0	0	0	3
175	1238	0	1.95827398	0.882735452	0.897430043	0.856271606	0.934985003	0.0685142239	0.0503123961	73.4	0	0	0	3
176	1245	0	1.96946412	0.90014459	0.897281143	0.856271606	0.934985003	0.0663071873	0.0503123961	75.8	0	0	0	3
177	1252	0	1.98065426	0.910716771	0.897096981	0.856271606	0.934985003	0.0622085354	0.0503123961	80.8	0	0	0	3
178	1259	0	1.99184439	0.916581527	0.897022388	0.856271606	0.934985003	0.0560111801	0.0503123961	89.8	0	0	0	3
179	1267	0	2.00303453	0.894649739	0.896647025	0.856271606	0.934985003	0.0495031711	0.0503123961	100	0	0	0	3
180	1273	0	2.01422467	0.884007114	0.89661597	0.856271606	0.934985003	0.0429107311	0.0503123961	100	0	0	0	3
181	1280	0	2.0254148	0.864265521	0.896256763	0.856271606	0.934985003	0.0379431638	0.0503123961	100	0	0	0	3
182	1287	0	2.03660494	0.880258696	0.896329507	0.856271606	0.934985003	0.0342714136	0.0503123961	100	0	0	0	3
183	1294	0	2.04779508	0.882819405	0.896124654	0.856271606	0.934985003	0.0334337427	0.0503123961	100	0	0	0	3
184	1301	0	2.05898521	0.915235336	0.896656539	0.856271606	0.934985003	0.0334337427	0.0503123961	100	0	0	0	3
185	1308	0	2.07017535	0.912737789	0.896804633	0.856271606	0.934985003	0.0334337427	0.0503123961	100	0	0	0	3
186	1315	0	2.08136549	0.914700602	0.897132391	0.856271606	0.934985003	0.0333988081	0.0503123961	100	0	0	0	3
187	1322	0	2.09255563	0.891597635	0.897050021	0.856271606	0.934985003	0.0326539593	0.0503123961	100	0	0	0	3
188	1329	0	2.10374576	0.886193614	0.897286225	0.856271606	0.934985003	0.0300009989	0.0503123961	100	0	0	0	3
189	1336	0	2.1149359	0.877136522	0.89719106	0.856271606	0.934985003	0.0268819255	0.0503123961	100	0	0	0	3
190	1343	0	2.12612604	0.894034362	0.897600175	0.856271606	0.934985003	0.0223248202	0.0503123961	100	0	0	0	3
191	1350	0	2.13731617	0.900626098	0.897395625	0.856271606	0.934985003	0.0179890252	0.0503123961	100	0	0	0	3
192	1357	0	2.14850631	0.926123152	0.897575194	0.856271606	0.934985003	0.0138910746	0.0503123961	100	0	0	0	3
193	1364	0	2.15969645	0.923415671	0.897318098	0.856271606	0.932759006	0.011471444	0.0503123961	100	0	0	0	3
194	1371	0	2.17088659	0.924809514	0.897618775	0.856271606	0.932759006	0.00991193912	0.0503123961	100	0	0	0	3
195	1378	0	2.18207672	0.892782875	0.897325942	0.856271606	0.932759006	0.00950573359	0.0503123961	100	0	0	0	3
196	1385	0	2.19326686	0.884913117	0.897265629	0.856271606	0.932759006	0.00915069552	0.0503123961	100	0	0	0	3
197	1392	0	2.204457	0.879654161	0.897008782	0.856271606	0.932759006	0.0088717358	0.0503123961	100	0	0	0	3
198	1398	0	2.21564713	0.891576501	0.89697228	0.856271606	0.932759006	0.00782726957	0.0503123961	100	0	0	0	3
199	1405	0	2.22683727	0.908049644	0.896868646	0.856271606	0.932759006	0.00686821978	0.0503123961	100	0	0	0	3
200	1412	0	2.23802741	0.92943022	0.897446789	0.856271606	0.932759006	0.00500855981	0.0503123961	100	0	0	0	3
201	1421	0	2.24921754	0.923210149	0.897506432	0.856271606	0.932759006	0.00386382755	0.0503123961	100	0	0	0	3
202	1428	0	2.26040768	0.92197665	0.898357984	0.856271606	0.932759006	0.00311042836	0.0503123961	100	0	0	0	3
203	1436	0	2.27159782	0.893425591	0.898633689	0.856271606	0.932759006	0.00338613392	0.0503123961	100	0	0	0	3
204	1442	0	2.28278796	0.897890192	0.899558547	0.864265521	0.932759006	0.00431099137	0.0503123961	100	0	0	0	3
205	1449	0	2.29397809	0.896714142	0.90005043	0.864265521	0.932759006	0.00480287453	0.0503123961	100	0	0	0	3
206	1456	0	2.30516823	0.915232703	0.900997783	0.864265521	0.932759006	0.00575022788	0.0503123961	100	0	0	0	3
207	1463	0	2.31635837	0.929356985	0.901706525	0.864265521	0.932759006	0.00645896969	0.0503123961	100	0	0	0	3
208	1470	0	2.3275485	0.939953581	0.902826475	0.864265521	0.939953581	0.00757891988	0.0503123961	100	0	0	0	3
209	1477	0	2.33873864	0.928993442	0.903544435	0.864265521	0.939953581	0.00829687946	0.0503123961	100	0	0	0	3
210	1484	0	2.34992878	0.926208486	0.90456057	0.864265521	0.939953581	0.00876141932	0.0503123961	100	0	0	0	3
211	1491	0	2.36111891	0.899882473	0.904575471	0.864265521	0.939953581	0.00859520742	0.0503123961	100	0	0	0	3
212	1498	0	2.37230905	0.909393548	0.905060793	0.864265521	0.939953581	0.00893613874	0.0503123961	100	0	0	0	3
213	1505	0	2.38349919	0.906066945	0.904993208	0.864265521	0.939953581	0.00893613874	0.0503123961	100	0	0	0	3
214	1512	0	2.39468933	0.923200404	0.905242859	0.864265521	0.939953581	0.00911820523	0.0503123961	100	0	0	0	3
215	1519	0	2.40587946	0.916617124	0.904884151	0.864265521	0.939953581	0.00911820523	0.0503123961	100	0	0	0	3
216	1526	0	2.4170696	0.923067076	0.904908373	0.864265521	0.939953581	0.00911820523	0.0503123961	100	0	0	0	3
217	1532	0	2.42825974	0.904016088	0.904665576	0.864265521	0.939953581	0.00911820523	0.0503123961	100	0	0	0	3
218	1540	0	2.43944987	0.90103935	0.904802241	0.864265521	0.939953581	0.00911820523	0.0503123961	100	0	0	0	3
219	1547	0	2.45064001	0.891993068	0.904831858	0.864265521	0.939953581	0.00911820523	0.0503123961	100	0	0	0	3
220	1553	0	2.46183015	0.897862446	0.905168014	0.864265521	0.939953581	0.00911820523	0.0503123961	100	0	0	0	3
221	1560	0	2.47302029	0.905384608	0.905284459	0.864265521	0.939953581	0.00915980485	0.0503123961	100	0	0	0	3
222	1567	0	2.48421042	0.922814132	0.905553289	0.864265521	0.939953581	0.00942863508	0.0503123961	100	0	0	0	3
223	1574	0	2.49540056	0.924780495	0.905735488	0.864265521	0.939953581	0.00961083437	0.0503123961	100	0	0	0	3
224	1581	0	2.5065907	0.923625628	0.906379397	0.864265521	0.939953581	0.010254743	0.0503123961	100	0	0	0	3
225	1588	0	2.51778083	0.919772806	0.90717419	0.864265521	0.939953581	0.0110495362	0.0503123961	100	0	0	0	3
226	1595	0	2.52897097	0.914534036	0.908291268	0.877136522	0.939953581	0.0121666143	0.0503123961	100	0	0	0	3
227	1602	0	2.54016111	0.903662403	0.90881135	0.877136522	0.939953581	0.0126866966	0.0503123961	100	0	0	0	3
228	1609	0	2.55135124	0.924328442	0.909733773	0.877136522	0.939953581	0.0130772348	0.0503123961	100	0	0	0	3
229	1616	0	2.56254138	0.928154269	0.910020861	0.877136522	0.939953581	0.0132162277	0.0503123961	100	0	0	0	3
230	1623	0	2.57373152	0.948150793	0.910807817	0.877136522	0.948150793	0.0139391702	0.0503123961	100	0	0	0	3
231	1630	0	2.58492166	0.938725331	0.911341699	0.877136522	0.948150793	0.0144730531	0.0503123961	100	0	0	0	3
232	1636	0	2.59611179	0.936621254	0.912342224	0.877136522	0.948150793	0.0154735779	0.0503123961	100	0	0	0	3
233	1643	0	2.60730193	0.914997004	0.9129823	0.877136522	0.948150793	0.0161136533	0.0503123961	100	0	0	0	3
234	1650	0	2.61849207	0.912286067	0.913763401	0.879654161	0.948150793	0.0168947543	0.0503123961	100	0	0	0	3
235	1657	0	2.6296822	0.916398132	0.914260373	0.879654161	0.948150793	0.0173917269	0.0503123961	100	0	0	0	3
236	1664	0	2.64087234	0.926549724	0.914836454	0.879654161	0.948150793	0.0179678075	0.0503123961	100	0	0	0	3
237	1671	0	2.65206248	0.932048042	0.914968118	0.879654161	0.948150793	0.0180994717	0.0503123961	100	0	0	0	3
238	1678	0	2.66325261	0.941798823	0.915376633	0.879654161	0.948150793	0.0185079862	0.0503123961	100	0	0	0	3
239	1685	0	2.67444275	0.927150763	0.91542866	0.879654161	0.948150793	0.018560014	0.0503123961	100	0	0	0	3
240	1692	0	2.68563289	0.918695572	0.916004498	0.879654161	0.948150793	0.0191358517	0.0503123961	100	0	0	0	3
241	1699	0	2.69682303	0.90058221	0.9163527	0.879654161	0.948150793	0.0194840538	0.0503123961	100	0	0	0	3
242	1706	0	2.70801316	0.902259104	0.916855032	0.891576501	0.948150793	0.0199863858	0.0503123961	100	0	0	0	3
243	1713	0	2.7192033	0.896801327	0.916971139	0.891993068	0.948150793	0.0201024931	0.0503123961	100	0	0	0	3
244	1719	0	2.73039344	0.920612964	0.917250324	0.891993068	0.948150793	0.0198035352	0.0503123961	100	0	0	0	3
245	1726	0	2.74158357	0.911772884	0.916857939	0.891993068	0.948150793	0.0197438926	0.0503123961	100	0	0	0	3
246	1733	0	2.75277371	0.921697905	0.916824334	0.891993068	0.948150793	0.0188923404	0.0503123961	100	0	0	0	3
247	1740	0	2.76396385	0.901750533	0.916374864	0.891993068	0.948150793	0.0186166348	0.0503123961	100	0	0	0	3
248	1747	0	2.77515399	0.90939642	0.916729772	0.891993068	0.948150793	0.0176917774	0.0503123961	100	0	0	0	3
249	1754	0	2.78634412	0.89707147	0.916711578	0.891993068	0.948150793	0.0171998942	0.0503123961	100	0	0	0	3
250	1761	0	2.79753426	0.916714381	0.917156028	0.891993068	0.948150793	0.0162525408	0.0503123961	100	0	0	0	3
251	1768	0	2.8087244	0.899415803	0.916804541	0.891993068	0.948150793	0.015543799	0.0503123961	100	0	0	0	3
252	1775	0	2.81991453	0.929069735	0.916798158	0.891993068	0.948150793	0.0144238488	0.0503123961	100	0	0	0	3
253	1782	0	2.83110467	0.919222923	0.916337476	0.891993068	0.948150793	0.0137058893	0.0503123961	100	0	0	0	3
254	1788	0	2.84229481	0.918178603	0.916097147	0.891993068	0.948150793	0.012689754	0.0503123961	100	0	0	0	3
255	1795	0	2.85348494	0.889919803	0.915290731	0.889919803	0.948150793	0.0126748529	0.0503123961	100	0	0	0	3
256	1802	0	2.86467508	0.895480349	0.915192906	0.889919803	0.948150793	0.0125847485	0.0503123961	100	0	0	0	3
257	1809	0	2.87586522	0.884871301	0.914647968	0.884871301	0.948150793	0.0125847485	0.0503123961	100	0	0	0	3
258	1816	0	2.88705536	0.902189495	0.914561802	0.884871301	0.948150793	0.0125847485	0.0503123961	100	0	0	0	3
259	1823	0	2.89824549	0.901972485	0.914090071	0.884871301	0.948150793	0.0125847485	0.0503123961	100	0	0	0	3
260	1830	0	2.90943563	0.918806369	0.91413872	0.884871301	0.948150793	0.0125847485	0.0503123961	100	0	0	0	3
261	1837	0	2.92062577	0.909278481	0.913832307	0.884871301	0.948150793	0.0125847485	0.0503123961	100	0	0	0	3
262	1844	0	2.9318159	0.910217371	0.913970113	0.884871301	0.948150793	0.0124480838	0.0503123961	100	0	0	0	3
263	1851	0	2.94300604	0.885691906	0.913629059	0.884871301	0.948150793	0.0124184659	0.0503123961	100	0	0	0	3
264	1858	0	2.95419618	0.882273037	0.913413058	0.882273037	0.948150793	0.0120823105	0.0503123961	100	0	0	0	3
265	1865	0	2.96538631	0.885862266	0.913146388	0.882273037	0.948150793	0.0119658656	0.0503123961	100	0	0	0	3
266	1872	0	2.97657645	0.900128834	0.913029593	0.882273037	0.948150793	0.0116970354	0.0503123961	100	0	0	0	3
267	1879	0	2.98776659	0.906302236	0.912662662	0.882273037	0.948150793	0.0115148361	0.0503123961	100	0	0	0	3
268	1886	0	2.99895673	0.921707223	0.912594367	0.882273037	0.948150793	0.0108709275	0.0503123961	100	0	0	0	3
269	1893	0	3.01014686	0.908515001	0.912258575	0.882273037	0.948150793	0.0100761343	0.0503123961	100	0	0	0	3
270	1899	0	3.021337	0.901550273	0.91185363	0.882273037	0.948150793	0.00895905621	0.0503123961	100	0	0	0	3
271	1906	0	3.03252714	0.899759311	0.911525303	0.882273037	0.948150793	0.00843897384	0.0503123961	100	0	0	0	3
272	1913	0	3.04371727	0.903196528	0.91151495	0.882273037	0.948150793	0.0075165508	0.0503123961	100	0	0	0	3
273	1920	0	3.05490741	0.903588625	0.911054065	0.882273037	0.948150793	0.00722946338	0.0503123961	100	0	0	0	3
274	1927	0	3.06609755	0.922413444	0.910926491	0.882273037	0.948150793	0.00644250774	0.0503123961	100	0	0	0	3
275	1934	0	3.07728769	0.905791198	0.909985167	0.882273037	0.941798823	0.00726515734	0.0503123961	100	0	0	0	3
276	1941	0	3.08847782	0.916446862	0.90949009	0.882273037	0.941798823	0.00776023443	0.0503123961	100	0	0	0	3
277	1948	0	3.09966796	0.887027059	0.908387997	0.882273037	0.941798823	0.00886232763	0.0503123961	100	0	0	0	3
278	1955	0	3.1108581	0.896178068	0.907969798	0.882273037	0.941798823	0.0092805262	0.0503123961	100	0	0	0	3
279	1962	0	3.12204823	0.872027883	0.907075172	0.872027883	0.941798823	0.0101751525	0.0503123961	100	0	0	0	3
280	1969	0	3.13323837	0.885846436	0.906396245	0.872027883	0.941798823	0.0108540791	0.0503123961	100	0	0	0	3
281	1976	0	3.14442851	0.87877514	0.905334588	0.872027883	0.941798823	0.0119157365	0.0503123961	100	0	0	0	3
282	1983	0	3.15561864	0.910297447	0.904851241	0.872027883	0.941798823	0.0123990831	0.0503123961	100	0	0	0	3
283	1990	0	3.16680878	0.905717033	0.904049424	0.872027883	0.929069735	0.0132009006	0.0503123961	100	0	0	0	3
284	1996	0	3.17799892	0.920884345	0.90391017	0.872027883	0.929069735	0.0133401544	0.0503123961	100	0	0	0	3
285	2003	0	3.18918906	0.901905985	0.903537068	0.872027883	0.929069735	0.0137132563	0.0503123961	100	0	0	0	3
286	2010	0	3.20037919	0.902463965	0.903578885	0.872027883	0.929069735	0.0137132563	0.0503123961	100	0	0	0	3
287	2017	0	3.21156933	0.885168389	0.903199091	0.872027883	0.929069735	0.0140512332	0.0503123961	100	0	0	0	3
288	2024	0	3.22275947	0.905053452	0.903382472	0.872027883	0.929069735	0.0140512332	0.0503123961	100	0	0	0	3
289	2031	0	3.2339496	0.904733555	0.903029596	0.872027883	0.929069735	0.0141264317	0.0503123961	100	0	0	0	3
290	2038	0	3.24513974	0.925314327	0.903330517	0.872027883	0.929069735	0.0141264317	0.0503123961	100	0	0	0	3
291	2044	0	3.25632988	0.922405562	0.903346243	0.872027883	0.929069735	0.0141264317	0.0503123961	100	0	0	0	3
292	2051	0	3.26752001	0.920999997	0.903774008	0.872027883	0.929069735	0.0141264317	0.0503123961	100	0	0	0	3
293	2058	0	3.27871015	0.898319878	0.903527863	0.872027883	0.929069735	0.0141264317	0.0503123961	100	0	0	0	3
294	2065	0	3.28990029	0.902200538	0.903641842	0.872027883	0.929069735	0.0141264317	0.0503123961	100	0	0	0	3
295	2072	0	3.30109043	0.891082937	0.903072255	0.872027883	0.929069735	0.013774945	0.0503123961	100	0	0	0	3
296	2079	0	3.31228056	0.905947609	0.903217406	0.872027883	0.929069735	0.0137685617	0.0503123961	100	0	0	0	3
297	2086	0	3.3234707	0.899779488	0.902566512	0.872027883	0.925314327	0.0137709647	0.0503123961	100	0	0	0	3
298	2092	0	3.33466084	0.912294788	0.902412553	0.872027883	0.925314327	0.0136845935	0.0503123961	100	0	0	0	3
299	2100	0	3.34585097	0.892021032	0.901831274	0.872027883	0.925314327	0.0134594577	0.0503123961	100	0	0	0	3
300	2106	0	3.35704111	0.89826126	0.902016639	0.872027883	0.925314327	0.0133616327	0.0503123961	100	0	0	0	3
301	2115	0	3.36823125	0.879262483	0.901656242	0.872027883	0.925314327	0.0129917252	0.0503123961	100	0	0	0	3
302	2121	0	3.37942139	0.898528539	0.901959737	0.872027883	0.925314327	0.0129055597	0.0503123961	100	0	0	0	3
303	2128	0	3.39061152	0.892479488	0.901743959	0.872027883	0.925314327	0.012482478	0.0503123961	100	0	0	0	3
304	2135	0	3.40180166	0.911674298	0.901959554	0.872027883	0.925314327	0.012482478	0.0503123961	100	0	0	0	3
305	2142	0	3.4129918	0.912178493	0.901812268	0.872027883	0.925314327	0.0123138711	0.0503123961	100	0	0	0	3
306	2149	0	3.42418193	0.92989007	0.902270304	0.872027883	0.92989007	0.0123138711	0.0503123961	100	0	0	0	3
307	2156	0	3.43537207	0.905252744	0.902159979	0.872027883	0.92989007	0.0119728168	0.0503123961	100	0	0	0	3
308	2163	0	3.44656221	0.904665982	0.902581625	0.872027883	0.92989007	0.0117568161	0.0503123961	100	0	0	0	3
309	2170	0	3.45775234	0.886477347	0.902675054	0.872027883	0.92989007	0.0114901454	0.0503123961	100	0	0	0	3
310	2177	0	3.46894248	0.893788699	0.902851197	0.872027883	0.92989007	0.0113733505	0.0503123961	100	0	0	0	3
311	2184	0	3.48013262	0.889367481	0.902612056	0.872027883	0.92989007	0.0110064195	0.0503123961	100	0	0	0	3
312	2190	0	3.49132276	0.903840914	0.902557359	0.872027883	0.92989007	0.0109381245	0.0503123961	100	0	0	0	3
313	2197	0	3.50251289	0.887858639	0.901805169	0.872027883	0.92989007	0.0106023328	0.0503123961	100	0	0	0	3
314	2204	0	3.51370303	0.889274857	0.90137761	0.872027883	0.92989007	0.01047602	0.0503123961	100	0	0	0	3
315	2211	0	3.52489317	0.863173745	0.900524798	0.863173745	0.92989007	0.0110005045	0.0503123961	100	0	0	0	3
316	2218	0	3.5360833	0.870389725	0.899872141	0.863173745	0.92989007	0.0116428092	0.0503123961	100	0	0	0	3
317	2225	0	3.54727344	0.866596573	0.899058808	0.863173745	0.92989007	0.0119952567	0.0503123961	100	0	0	0	3
318	2232	0	3.55846358	0.882277609	0.89858523	0.863173745	0.92989007	0.012341261	0.0503123961	100	0	0	0	3
319	2239	0	3.56965371	0.89045673	0.897875081	0.863173745	0.92989007	0.0121100858	0.0503123961	100	0	0	0	3
320	2246	0	3.58084385	0.916049896	0.898103052	0.863173745	0.92989007	0.0116150087	0.0503123961	100	0	0	0	3
321	2252	0	3.59203399	0.908597022	0.897928611	0.863173745	0.92989007	0.0105129155	0.0503123961	100	0	0	0	3
322	2259	0	3.60322413	0.917827451	0.898613064	0.863173745	0.92989007	0.010094717	0.0503123961	100	0	0	0	3
323	2266	0	3.61441426	0.898953952	0.898674751	0.863173745	0.92989007	0.00920009065	0.0503123961	100	0	0	0	3
324	2273	0	3.6256044	0.906467025	0.899440065	0.863173745	0.92989007	0.00852116408	0.0503123961	100	0	0	0	3
325	2280	0	3.63679454	0.906787299	0.899905418	0.863173745	0.92989007	0.00745950665	0.0503123961	100	0	0	0	3
326	2287	0	3.64798467	0.916197292	0.900737021	0.863173745	0.92989007	0.0069761601	0.0503123961	100	0	0	0	3
327	2294	0	3.65917481	0.912169848	0.90077863	0.863173745	0.92989007	0.00617434254	0.0503123961	100	0	0	0	3
328	2301	0	3.67036495	0.919118748	0.901076446	0.863173745	0.92989007	0.00603508881	0.0503123961	100	0	0	0	3
329	2308	0	3.68155509	0.899875818	0.90060959	0.863173745	0.92989007	0.00589892737	0.0503123961	100	0	0	0	3
330	2314	0	3.69274522	0.89402673	0.900434495	0.863173745	0.92989007	0.00589892737	0.0503123961	100	0	0	0	3
331	2321	0	3.70393536	0.875525912	0.899835872	0.863173745	0.92989007	0.00589892737	0.0503123961	100	0	0	0	3
332	2328	0	3.7151255	0.888051044	0.899899931	0.863173745	0.92989007	0.00589892737	0.0503123961	100	0	0	0	3
333	2335	0	3.72631563	0.879742849	0.899337473	0.863173745	0.92989007	0.00589892737	0.0503123961	100	0	0	0	3
334	2342	0	3.73750577	0.896518867	0.899154924	0.863173745	0.92989007	0.00589892737	0.0503123961	100	0	0	0	3
335	2349	0	3.74869591	0.884899109	0.898256808	0.863173745	0.92989007	0.00589892737	0.0503123961	100	0	0	0	3
336	2356	0	3.75988604	0.904392745	0.897856523	0.863173745	0.92989007	0.00591748519	0.0503123961	100	0	0	0	3
337	2363	0	3.77107618	0.89089724	0.897187573	0.863173745	0.92989007	0.00645426925	0.0503123961	100	0	0	0	3
338	2370	0	3.78226632	0.900593706	0.897238103	0.863173745	0.92989007	0.00645426925	0.0503123961	100	0	0	0	3
339	2377	0	3.79345646	0.903838027	0.897274491	0.863173745	0.92989007	0.00602983283	0.0503123961	100	0	0	0	3
340	2384	0	3.80464659	0.907939857	0.89764909	0.863173745	0.92989007	0.00602983283	0.0503123961	100	0	0	0	3
341	2391	0	3.81583673	0.90381116	0.897601613	0.863173745	0.92989007	0.0056636236	0.0503123961	100	0	0	0	3
342	2397	0	3.82702687	0.917347892	0.897992022	0.863173745	0.92989007	0.0056636236	0.0503123961	100	0	0	0	3
343	2404	0	3.838217	0.903681807	0.897800622	0.863173745	0.92989007	0.0056636236	0.0503123961	100	0	0	0	3
344	2411	0	3.84940714	0.900481961	0.897988643	0.863173745	0.92989007	0.0056636236	0.0503123961	100	0	0	0	3
345	2418	0	3.86059728	0.882039855	0.897628167	0.863173745	0.92989007	0.0056636236	0.0503123961	100	0	0	0	3
346	2425	0	3.87178741	0.884055199	0.897734672	0.863173745	0.92989007	0.0056636236	0.0503123961	100	0	0	0	3
347	2432	0	3.88297755	0.867553065	0.897046328	0.863173745	0.92989007	0.00580486857	0.0503123961	100	0	0	0	3
348	2439	0	3.89416769	0.890594314	0.897004435	0.863173745	0.92989007	0.00584676132	0.0503123961	100	0	0	0	3
349	2446	0	3.90535783	0.885184952	0.896415783	0.863173745	0.92989007	0.00643541345	0.0503123961	100	0	0	0	3
350	2453	0	3.91654796	0.897411221	0.896087622	0.863173745	0.92989007	0.00676357505	0.0503123961	100	0	0	0	3
351	2460	0	3.9277381	0.885505803	0.895101305	0.863173745	0.919118748	0.00774989209	0.0503123961	100	0	0	0	3
352	2467	0	3.93892824	0.880589929	0.894553242	0.863173745	0.919118748	0.00829795465	0.0503123961	100	0	0	0	3
353	2474	0	3.95011837	0.87083629	0.893801471	0.863173745	0.919118748	0.00904972559	0.0503123961	100	0	0	0	3
354	2481	0	3.96130851	0.880125511	0.893660319	0.863173745	0.919118748	0.00919087749	0.0503123961	100	0	0	0	3
355	2488	0	3.97249865	0.882407741	0.893407409	0.863173745	0.919118748	0.00920464649	0.0503123961	100	0	0	0	3
356	2495	0	3.98368879	0.899595859	0.893634706	0.863173745	0.919118748	0.00914995043	0.0503123961	100	0	0	0	3
357	2502	0	3.99487892	0.90933988	0.893756906	0.863173745	0.919118748	0.00839775967	0.0503123961	100	0	0	0	3
358	2509	0	4.00606906	0.922262373	0.894521433	0.863173745	0.922262373	0.00797020092	0.0503123961	100	0	0	0	3
