Iteration	CPUTime	PhysTime	Travels	Value	AvValue	MinValue	MaxValue	Delta	Criteria	Progress	dGMaxMin	CriteriaType	CriteriaVarType	CriteriaPercentage
1	18	0	0.0118968988	772.083169	772.083169	772.083169	772.083169	0	0	0	0	0	0	3
2	24	0	0.0237937977	125.1113	448.597235	125.1113	772.083169	323.485934	0	0	0	0	0	3
3	29	0	0.0356906965	68.6067037	321.933724	68.6067037	772.083169	450.149445	0	0	0	0	0	3
4	35	0	0.0475875953	33.1497506	249.737731	33.1497506	772.083169	522.345438	0	0	0	0	0	3
5	42	0	0.0594844941	45.2058512	208.831355	33.1497506	772.083169	563.251814	0	0	0	0	0	3
6	49	0	0.071381393	33.1477629	179.550756	33.1477629	772.083169	592.532413	0	0	0	0	0	3
7	56	0	0.0832782918	37.1461064	159.207235	33.1477629	772.083169	612.875934	0	0	0	0	0	3
8	63	0	0.0951751906	31.6368162	143.260933	31.6368162	772.083169	628.822236	0	0	0	0	0	3
9	68	0	0.107072089	32.9895879	131.008561	31.6368162	772.083169	641.074608	0	0	0	0	0	3
10	73	0	0.118968988	30.2811001	120.935815	30.2811001	772.083169	651.147354	0	0	0	0	0	3
11	78	0	0.130865887	30.7718104	112.739087	30.2811001	772.083169	659.344082	0	0	0	0	0	3
12	83	0	0.142762786	29.6894073	105.81828	29.6894073	772.083169	666.264889	0	0	0	0	0	3
13	89	0	0.154659685	29.647224	99.9589685	29.647224	772.083169	672.124201	0	0	0	0	0	3
14	94	0	0.166556584	29.247886	94.9081768	29.247886	772.083169	677.174992	0	0	0	0	0	3
15	99	0	0.178453482	29.2168024	90.5287519	29.2168024	772.083169	681.554417	0	0	0	0	0	3
16	104	0	0.190350381	28.7311417	86.6664012	28.7311417	772.083169	685.416768	0	0	0	0	0	3
17	109	0	0.20224728	28.3330777	83.2350293	28.3330777	772.083169	688.84814	0	0	0	0	0	3
18	114	0	0.214144179	27.8689487	80.1591359	27.8689487	772.083169	691.924033	0	0	0	0	0	3
19	119	0	0.226041078	27.4872877	77.3869334	27.4872877	772.083169	694.696236	0	0	0	0	0	3
20	124	0	0.237937977	27.0821578	74.8716946	27.0821578	772.083169	697.211474	0	0	0	0	0	3
21	129	0	0.249834875	26.5410172	72.5702338	26.5410172	772.083169	699.512935	0	0	0	0	0	3
22	134	0	0.261731774	25.7998717	70.4443082	25.7998717	772.083169	701.638861	0	0	0	0	0	3
23	139	0	0.273628673	25.1587963	68.4753729	25.1587963	772.083169	703.607796	0	0	0	0	0	3
24	143	0	0.285525572	24.6579566	66.6496472	24.6579566	772.083169	705.433522	0	0	0	0	0	3
25	148	0	0.297422471	24.1863364	64.9511148	24.1863364	772.083169	707.132054	0	0	0	0	0	3
26	153	0	0.30931937	23.7080592	63.3648434	23.7080592	772.083169	708.718326	0	0	0	0	0	3
27	158	0	0.321216268	23.1222731	61.8743779	23.1222731	772.083169	710.208791	0	0	0	0	0	3
28	163	0	0.333113167	22.675122	60.4744044	22.675122	772.083169	711.608765	0	0	0	0	0	3
29	168	0	0.345010066	22.2791582	59.157327	22.2791582	772.083169	712.925842	0	0	0	0	0	3
30	173	0	0.356906965	22.0579728	57.9206818	22.0579728	772.083169	714.162487	0	0	0	0	0	3
31	178	0	0.368803864	21.7298039	56.7532342	21.7298039	772.083169	715.329935	0	0	0	0	0	3
32	183	0	0.380700762	21.40166	55.6484975	21.40166	772.083169	716.434672	0	0	0	0	0	3
33	188	0	0.392597661	21.087573	54.6011967	21.087573	772.083169	717.481972	0	0	0	0	0	3
34	193	0	0.40449456	20.8713917	53.6091436	20.8713917	772.083169	718.474025	0	0	0	0	0	3
35	198	0	0.416391459	20.6743772	52.6681503	20.6743772	772.083169	719.415019	0	0	0	0	0	3
36	203	0	0.428288358	20.4676524	51.773692	20.4676524	772.083169	720.309477	0	0	0	0	0	3
37	207	0	0.440185257	20.2013468	50.9203854	20.2013468	772.083169	721.162784	0	0	0	0	0	3
38	212	0	0.452082155	19.963538	50.1057315	19.963538	772.083169	721.977437	0	0	0	0	0	3
39	217	0	0.463979054	19.7095872	49.3263432	19.7095872	772.083169	722.756826	0	0	0	0	0	3
40	222	0	0.475875953	19.4942022	48.5805397	19.4942022	772.083169	723.502629	0	0	0	0	0	3
41	227	0	0.487772852	19.3072036	47.8665559	19.3072036	772.083169	724.216613	0	0	0	0	0	3
42	233	0	0.499669751	19.1020646	47.1816871	19.1020646	772.083169	724.901482	0	0	0	0	0	3
43	237	0	0.51156665	18.8920996	46.5237897	18.8920996	772.083169	725.559379	0	0	0	0	0	3
44	243	0	0.523463548	18.7254194	29.003842	18.7254194	125.1113	106.385881	0	0	0	0	0	3
45	248	0	0.535360447	18.5543694	26.5257738	18.5543694	68.6067037	50.0523343	0	0	0	0	0	3
46	253	0	0.547257346	18.4182479	25.3586005	18.4182479	45.2058512	26.7876034	0	0	0	0	0	3
47	258	0	0.559154245	18.2779119	25.0127437	18.2779119	45.2058512	26.9279393	0	0	0	0	0	3
48	263	0	0.571051144	18.1864829	24.3843863	18.1864829	37.1461064	18.9596236	0	0	0	0	0	3
49	268	0	0.582948043	18.0782737	24.0339331	18.0782737	37.1461064	19.0678327	0	0	0	0	0	3
50	273	0	0.594844941	18.0270555	23.589304	18.0270555	32.9895879	14.9625323	0	0	0	0	0	3
51	278	0	0.60674184	17.9448064	23.2708852	17.9448064	32.9895879	15.0447814	0	0	0	0	0	3
52	283	0	0.618638739	17.8893206	22.9197162	17.8893206	30.7718104	12.8824897	0	0	0	0	0	3
53	288	0	0.630535638	17.8177837	22.6298716	17.8177837	30.7718104	12.9540266	0	0	0	0	0	3
54	293	0	0.642432537	17.7714129	22.3275368	17.7714129	29.6894073	11.9179943	0	0	0	0	0	3
55	298	0	0.654329436	17.7110566	22.0489705	17.7110566	29.647224	11.9361674	0	0	0	0	0	3
56	304	0	0.666226334	17.6721723	21.7704809	17.6721723	29.247886	11.5757137	0	0	0	0	0	3
57	309	0	0.678123233	17.6053527	21.4997243	17.6053527	29.2168024	11.6114497	0	0	0	0	0	3
58	314	0	0.690020132	17.5508325	21.2284227	17.5508325	28.7311417	11.1803092	0	0	0	0	0	3
59	319	0	0.701917031	17.4949492	20.9671159	17.4949492	28.3330777	10.8381286	0	0	0	0	0	3
60	324	0	0.71381393	17.447183	20.7139556	17.447183	27.8689487	10.4217657	0	0	0	0	0	3
61	329	0	0.725710829	17.3929066	20.4703267	17.3929066	27.4872877	10.0943812	0	0	0	0	0	3
62	334	0	0.737607727	17.335838	20.2342464	17.335838	27.0821578	9.74631975	0	0	0	0	0	3
63	339	0	0.749504626	17.2652193	20.0059455	17.2652193	26.5410172	9.27579788	0	0	0	0	0	3
64	344	0	0.761401525	17.2189816	19.789154	17.2189816	25.7998717	8.58089004	0	0	0	0	0	3
65	349	0	0.773298424	17.1442349	19.5878601	17.1442349	25.1587963	8.01456136	0	0	0	0	0	3
66	354	0	0.785195323	17.1040329	19.4005401	17.1040329	24.6579566	7.55392375	0	0	0	0	0	3
67	359	0	0.797092221	17.0520402	19.2236583	17.0520402	24.1863364	7.13429622	0	0	0	0	0	3
68	364	0	0.80898912	17.0134623	19.0568473	17.0134623	23.7080592	6.69459696	0	0	0	0	0	3
69	370	0	0.820886019	16.9570189	18.8998463	16.9570189	23.1222731	6.16525428	0	0	0	0	0	3
70	375	0	0.832782918	16.9093695	18.7553602	16.9093695	22.675122	5.76575259	0	0	0	0	0	3
71	380	0	0.844679817	16.8414124	18.6196925	16.8414124	22.2791582	5.43774579	0	0	0	0	0	3
72	385	0	0.856576716	16.7906077	18.4920518	16.7906077	22.0579728	5.26736507	0	0	0	0	0	3
73	390	0	0.868473614	16.7186749	18.3678821	16.7186749	21.7298039	5.01112904	0	0	0	0	0	3
74	395	0	0.880370513	16.6599859	18.2499794	16.6599859	21.40166	4.74167411	0	0	0	0	0	3
75	400	0	0.892267412	16.5876066	18.1380246	16.5876066	21.087573	4.49996632	0	0	0	0	0	3
76	405	0	0.904164311	16.5231399	18.031875	16.5231399	20.8713917	4.34825182	0	0	0	0	0	3
77	410	0	0.91606121	16.4422609	17.928872	16.4422609	20.6743772	4.23211629	0	0	0	0	0	3
78	415	0	0.927958109	16.3590761	17.8285161	16.3590761	20.4676524	4.10857637	0	0	0	0	0	3
79	421	0	0.939855007	16.2704464	17.7309067	16.2704464	20.2013468	3.93090043	0	0	0	0	0	3
80	426	0	0.951751906	16.2000752	17.6378539	16.2000752	19.963538	3.76346278	0	0	0	0	0	3
81	431	0	0.963648805	16.1085683	17.5482034	16.1085683	19.7095872	3.60101893	0	0	0	0	0	3
82	435	0	0.975545704	16.0381433	17.462821	16.0381433	19.4942022	3.45605889	0	0	0	0	0	3
83	441	0	0.987442603	15.9638042	17.3807187	15.9638042	19.3072036	3.34339942	0	0	0	0	0	3
84	446	0	0.999339502	15.9065262	17.3016332	15.9065262	19.1020646	3.19553842	0	0	0	0	0	3
85	451	0	1.0112364	15.8345666	17.2256449	15.8345666	18.8920996	3.05753299	1.58316411	51.7	0	0	0	3
86	456	0	1.0231333	15.7789199	17.1532453	15.7789199	18.7254194	2.94649954	1.58483351	53.7	0	0	0	3
87	461	0	1.0350302	15.7047196	17.0829965	15.7047196	18.5543694	2.84964982	1.58594652	55.6	0	0	0	3
88	466	0	1.0469271	15.6532287	17.0155281	15.6532287	18.4182479	2.76501912	1.58316411	57.2	0	0	0	3
89	471	0	1.058824	15.6002039	16.9499922	15.6002039	18.2779119	2.67770799	1.58316411	59.1	0	0	0	3
90	476	0	1.07072089	15.5596094	16.8867759	15.5596094	18.1864829	2.62687346	1.58316411	60.2	0	0	0	3
91	481	0	1.08261779	15.5237754	16.8248524	15.5237754	18.0782737	2.55449831	1.58316411	61.9	0	0	0	3
92	486	0	1.09451469	15.4980022	16.7648461	15.4980022	18.0270555	2.52905331	1.58316411	62.5	0	0	0	3
93	491	0	1.10641159	15.4646818	16.705256	15.4646818	17.9448064	2.48012465	1.58316411	63.8	0	0	0	3
94	496	0	1.11830849	15.4499366	16.6472358	15.4499366	17.8893206	2.43938399	1.58316411	64.9	0	0	0	3
95	501	0	1.13020539	15.4281136	16.5899984	15.4281136	17.8177837	2.38967014	1.58316411	66.2	0	0	0	3
96	506	0	1.14210229	15.4141703	16.5341005	15.4141703	17.7714129	2.35724262	1.58316411	67.1	0	0	0	3
97	512	0	1.15399919	15.4005849	16.4789649	15.4005849	17.7110566	2.31047177	1.58316411	68.5	0	0	0	3
98	516	0	1.16589609	15.3893626	16.424972	15.3893626	17.6721723	2.28280965	1.58316411	69.3	0	0	0	3
99	522	0	1.17779298	15.3709431	16.3714551	15.3709431	17.6053527	2.23440954	1.58316411	70.8	0	0	0	3
100	527	0	1.18968988	15.3589992	16.3192143	15.3589992	17.5508325	2.19183334	1.58316411	72.2	0	0	0	3
101	533	0	1.20158678	15.3429452	16.2678681	15.3429452	17.4949492	2.15200397	1.58316411	73.5	0	0	0	3
102	538	0	1.21348368	15.3330929	16.2175924	15.3330929	17.447183	2.11409011	1.58316411	74.8	0	0	0	3
103	543	0	1.22538058	15.3223309	16.1681772	15.3223309	17.3929066	2.07057568	1.58316411	76.4	0	0	0	3
104	548	0	1.23727748	15.3196352	16.1199616	15.3196352	17.335838	2.01620284	1.58316411	78.5	0	0	0	3
105	553	0	1.24917438	15.3079987	16.0728025	15.3079987	17.2652193	1.95722064	1.58316411	80.8	0	0	0	3
106	558	0	1.26107128	15.3039607	16.0271919	15.3039607	17.2189816	1.91502092	1.58316411	82.6	0	0	0	3
107	563	0	1.27296817	15.2923669	15.9823869	15.2923669	17.1442349	1.85186807	1.58316411	85.4	0	0	0	3
108	568	0	1.28486507	15.2914978	15.9392999	15.2914978	17.1040329	1.8125351	1.58316411	87.3	0	0	0	3
109	573	0	1.29676197	15.2906015	15.8971271	15.2906015	17.0520402	1.76143871	1.58316411	89.8	0	0	0	3
110	578	0	1.30865887	15.2877238	15.8560965	15.2877238	17.0134623	1.72573845	1.58316411	91.7	0	0	0	3
111	583	0	1.32055577	15.2849575	15.8158987	15.2849575	16.9570189	1.67206131	1.58316411	94.6	0	0	0	3
112	589	0	1.33245267	15.2879925	15.7770842	15.2849575	16.9093695	1.62441191	1.58316411	97.4	0	0	0	3
113	594	0	1.34434957	15.2857423	15.7393254	15.2849575	16.8414124	1.55645484	1.58316411	100	0	0	0	3
114	599	0	1.35624647	15.2886056	15.7032136	15.2849575	16.7906077	1.5056502	1.58316411	100	0	0	0	3
115	604	0	1.36814337	15.2933041	15.6683926	15.2849575	16.7186749	1.43371733	1.58316411	100	0	0	0	3
116	609	0	1.38004026	15.2988217	15.6353727	15.2849575	16.6599859	1.37502838	1.58316411	100	0	0	0	3
117	614	0	1.39193716	15.3022662	15.6037979	15.2849575	16.5876066	1.30264909	1.58316411	100	0	0	0	3
118	619	0	1.40383406	15.3137245	15.5741727	15.2849575	16.5231399	1.23818234	1.58316411	100	0	0	0	3
119	624	0	1.41573096	15.3232099	15.5462674	15.2849575	16.4422609	1.15730336	1.58316411	100	0	0	0	3
120	629	0	1.42762786	15.3286533	15.5203695	15.2849575	16.3590761	1.07411853	1.58316411	100	0	0	0	3
121	634	0	1.43952476	15.3390712	15.4966485	15.2849575	16.2704464	0.985488864	1.58316411	100	0	0	0	3
122	639	0	1.45142166	15.3510702	15.4752676	15.2849575	16.2000752	0.915117673	1.58316411	100	0	0	0	3
123	644	0	1.46331856	15.3560643	15.4556395	15.2849575	16.1085683	0.823610742	1.58316411	100	0	0	0	3
124	649	0	1.47521545	15.3677645	15.4384115	15.2849575	16.0381433	0.7531858	1.58316411	100	0	0	0	3
125	654	0	1.48711235	15.3796071	15.4230967	15.2849575	15.9638042	0.678846625	1.58316411	100	0	0	0	3
126	659	0	1.49900925	15.3904219	15.4097622	15.2849575	15.9065262	0.621568639	1.58316411	100	0	0	0	3
127	664	0	1.51090615	15.408177	15.3981727	15.2849575	15.8345666	0.549609057	1.58316411	100	0	0	0	3
128	669	0	1.52280305	15.4172869	15.3884685	15.2849575	15.7789199	0.493962321	1.58316411	100	0	0	0	3
129	674	0	1.53469995	15.4292233	15.380336	15.2849575	15.7047196	0.419762044	1.58316411	100	0	0	0	3
130	679	0	1.54659685	15.4433029	15.3742566	15.2849575	15.6532287	0.368271193	1.58316411	100	0	0	0	3
131	684	0	1.55849375	15.4529972	15.3696	15.2849575	15.6002039	0.315246389	1.58316411	100	0	0	0	3
132	688	0	1.57039065	15.4660888	15.3664811	15.2849575	15.5596094	0.274651848	1.58316411	100	0	0	0	3
133	693	0	1.58228754	15.4805758	15.3646431	15.2849575	15.5237754	0.238817814	1.58316411	100	0	0	0	3
134	698	0	1.59418444	15.4929201	15.3639255	15.2849575	15.4980022	0.213044681	1.58316411	100	0	0	0	3
135	703	0	1.60608134	15.5087497	15.3641754	15.2849575	15.5087497	0.223792202	1.58316411	100	0	0	0	3
136	708	0	1.61797824	15.5201827	15.3654662	15.2849575	15.5201827	0.235225137	1.58316411	100	0	0	0	3
137	713	0	1.62987514	15.5297936	15.3673233	15.2849575	15.5297936	0.244836015	1.58316411	100	0	0	0	3
138	718	0	1.64177204	15.5410322	15.3699493	15.2849575	15.5410322	0.256074696	1.58316411	100	0	0	0	3
139	724	0	1.65366894	15.5550582	15.3732258	15.2849575	15.5550582	0.270100634	1.58316411	100	0	0	0	3
140	728	0	1.66556584	15.5600959	15.3769353	15.2849575	15.5600959	0.275138324	1.58316411	100	0	0	0	3
141	733	0	1.67746273	15.5729739	15.3812054	15.2849575	15.5729739	0.288016355	1.58316411	100	0	0	0	3
142	738	0	1.68935963	15.5820585	15.386115	15.2849575	15.5820585	0.297100912	1.58316411	100	0	0	0	3
143	744	0	1.70125653	15.5934296	15.3915669	15.2849575	15.5934296	0.308472017	1.58316411	100	0	0	0	3
144	749	0	1.71315343	15.6037153	15.3976313	15.2849575	15.6037153	0.318757778	1.58316411	100	0	0	0	3
145	754	0	1.72505033	15.6148598	15.404184	15.2849575	15.6148598	0.329902279	1.58316411	100	0	0	0	3
146	759	0	1.73694723	15.6170304	15.4110375	15.2849575	15.6170304	0.332072808	1.58316411	100	0	0	0	3
147	764	0	1.74884413	15.6241837	15.41812	15.2849575	15.6241837	0.339226196	1.58316411	100	0	0	0	3
148	769	0	1.76074103	15.6275241	15.4255509	15.2849575	15.6275241	0.342566564	1.58316411	100	0	0	0	3
149	774	0	1.77263793	15.6317073	15.4331729	15.2849575	15.6317073	0.346749803	1.58316411	100	0	0	0	3
150	779	0	1.78453482	15.6402833	15.441264	15.2849575	15.6402833	0.35532575	1.58316411	100	0	0	0	3
151	784	0	1.79643172	15.6408113	15.4493875	15.2849575	15.6408113	0.355853727	1.58316411	100	0	0	0	3
152	789	0	1.80832862	15.6497976	15.4577409	15.2849575	15.6497976	0.364840105	1.58316411	100	0	0	0	3
153	794	0	1.82022552	15.6519931	15.4662123	15.2849575	15.6519931	0.367035563	1.58316411	100	0	0	0	3
154	799	0	1.83212242	15.6556185	15.4748323	15.2857423	15.6556185	0.369876159	1.58316411	100	0	0	0	3
155	804	0	1.84401932	15.6545691	15.4833574	15.2857423	15.6556185	0.369876159	1.58316411	100	0	0	0	3
156	809	0	1.85591622	15.661202	15.492089	15.2886056	15.661202	0.339288096	1.58316411	100	0	0	0	3
157	814	0	1.86781312	15.6663278	15.5008732	15.2933041	15.6663278	0.304467081	1.58316411	100	0	0	0	3
158	819	0	1.87971001	15.6746922	15.5097427	15.2988217	15.6746922	0.27144724	1.58316411	100	0	0	0	3
159	824	0	1.89160691	15.6789197	15.5185822	15.3022662	15.6789197	0.239872363	1.58316411	100	0	0	0	3
160	829	0	1.90350381	15.6883907	15.5275618	15.3137245	15.6883907	0.210247196	1.58316411	100	0	0	0	3
161	834	0	1.91540071	15.6875782	15.5362561	15.3232099	15.6883907	0.182341849	1.58316411	100	0	0	0	3
162	839	0	1.92729761	15.6951322	15.5449055	15.3286533	15.6951322	0.180979959	1.58316411	100	0	0	0	3
163	844	0	1.93919451	15.6952405	15.5534307	15.3390712	15.6952405	0.189505243	1.58316411	100	0	0	0	3
164	849	0	1.95109141	15.7011045	15.5618501	15.3510702	15.7011045	0.197924622	1.58316411	100	0	0	0	3
165	854	0	1.96298831	15.7079172	15.5701489	15.3560643	15.7079172	0.206223391	1.58316411	100	0	0	0	3
166	859	0	1.97488521	15.7126289	15.5784411	15.3677645	15.7126289	0.21451559	1.58316411	100	0	0	0	3
167	864	0	1.9867821	15.717229	15.5865682	15.3796071	15.717229	0.222642671	1.58316411	100	0	0	0	3
168	869	0	1.998679	15.722946	15.5945528	15.3904219	15.722946	0.230627297	1.58316411	100	0	0	0	3
169	874	0	2.0105759	15.731557	15.6024862	15.408177	15.731557	0.238560671	1.58316411	100	0	0	0	3
170	879	0	2.0224728	15.7326463	15.610032	15.4172869	15.7326463	0.246106468	1.58316411	100	0	0	0	3
171	884	0	2.0343697	15.7307228	15.6173212	15.4292233	15.7326463	0.253395677	1.58316411	100	0	0	0	3
172	889	0	2.0462666	15.7328807	15.624383	15.4433029	15.7328807	0.260457476	1.58316411	100	0	0	0	3
173	894	0	2.0581635	15.7371742	15.6312172	15.4529972	15.7371742	0.267291694	1.58316411	100	0	0	0	3
174	899	0	2.0700604	15.7398285	15.6378877	15.4660888	15.7398285	0.273739719	1.58316411	100	0	0	0	3
175	904	0	2.08195729	15.745083	15.6443759	15.4805758	15.745083	0.264507153	1.58316411	100	0	0	0	3
176	909	0	2.09385419	15.7468853	15.6505692	15.4929201	15.7468853	0.253965185	1.58316411	100	0	0	0	3
177	914	0	2.10575109	15.7549819	15.6566636	15.5087497	15.7549819	0.246232175	1.58316411	100	0	0	0	3
178	919	0	2.11764799	15.7585453	15.6624728	15.5201827	15.7585453	0.23836265	1.58316411	100	0	0	0	3
179	924	0	2.12954489	15.762386	15.6681055	15.5297936	15.762386	0.232592424	1.58316411	100	0	0	0	3
180	929	0	2.14144179	15.7608572	15.673479	15.5410322	15.762386	0.221353743	1.58316411	100	0	0	0	3
181	934	0	2.15333869	15.7661539	15.6787144	15.5550582	15.7661539	0.211095683	1.58316411	100	0	0	0	3
182	939	0	2.16523559	15.764277	15.68358	15.5600959	15.7661539	0.206057993	1.58316411	100	0	0	0	3
183	945	0	2.17713249	15.7655972	15.6883591	15.5729739	15.7661539	0.193179962	1.58316411	100	0	0	0	3
184	950	0	2.18902938	15.7678315	15.6928907	15.5820585	15.7678315	0.185773089	1.58316411	100	0	0	0	3
185	954	0	2.20092628	15.7710401	15.6972856	15.5934296	15.7710401	0.177610526	1.58316411	100	0	0	0	3
186	959	0	2.21282318	15.7719872	15.7014381	15.6037153	15.7719872	0.168271875	1.58316411	100	0	0	0	3
187	964	0	2.22472008	15.7744492	15.7054086	15.6148598	15.7744492	0.159589408	1.58316411	100	0	0	0	3
188	969	0	2.23661698	15.7771767	15.7091834	15.6170304	15.7771767	0.160146338	1.58316411	100	0	0	0	3
189	974	0	2.24851388	15.7810392	15.7129976	15.6241837	15.7810392	0.156855501	1.58316411	100	0	0	0	3
190	979	0	2.26041078	15.7820646	15.7166693	15.6275241	15.7820646	0.1545405	1.58316411	100	0	0	0	3
191	984	0	2.27230768	15.7823332	15.7202695	15.6317073	15.7823332	0.150625812	1.58316411	100	0	0	0	3
192	989	0	2.28420457	15.7799906	15.7237179	15.6402833	15.7823332	0.142049866	1.58316411	100	0	0	0	3
193	994	0	2.29610147	15.783886	15.7270575	15.6408113	15.783886	0.143074696	1.58316411	100	0	0	0	3
194	999	0	2.30799837	15.7816494	15.7303328	15.6497976	15.783886	0.134088318	1.58316411	100	0	0	0	3
195	1004	0	2.31989527	15.7843828	15.7334627	15.6519931	15.7843828	0.132389727	1.58316411	100	0	0	0	3
196	1009	0	2.33179217	15.7840681	15.7365342	15.6545691	15.7843828	0.129813758	1.58316411	100	0	0	0	3
197	1014	0	2.34368907	15.7866454	15.7395814	15.6545691	15.7866454	0.132076302	1.58316411	100	0	0	0	3
198	1019	0	2.35558597	15.7856728	15.7426303	15.661202	15.7866454	0.125443412	1.58316411	100	0	0	0	3
199	1024	0	2.36748287	15.7913028	15.7456559	15.6663278	15.7913028	0.124974935	1.58316411	100	0	0	0	3
200	1029	0	2.37937977	15.7941035	15.7486274	15.6746922	15.7941035	0.119411341	1.58316411	100	0	0	0	3
201	1035	0	2.39127666	15.7979269	15.7514933	15.6789197	15.7979269	0.119007201	1.58316411	100	0	0	0	3
202	1040	0	2.40317356	15.7963146	15.7542234	15.6875782	15.7979269	0.110348687	1.58316411	100	0	0	0	3
203	1045	0	2.41507046	15.8003216	15.7568265	15.6875782	15.8003216	0.11274343	1.58316411	100	0	0	0	3
204	1050	0	2.42696736	15.7986183	15.7594088	15.6951322	15.8003216	0.105189371	1.58316411	100	0	0	0	3
205	1055	0	2.43886426	15.7961013	15.7617569	15.6952405	15.8003216	0.105081074	1.58316411	100	0	0	0	3
206	1059	0	2.45076116	15.7962004	15.7641048	15.7011045	15.8003216	0.0992171201	1.58316411	100	0	0	0	3
207	1064	0	2.46265806	15.7959078	15.7663096	15.7079172	15.8003216	0.0924043791	1.58316411	100	0	0	0	3
208	1069	0	2.47455496	15.7896749	15.7682109	15.7126289	15.8003216	0.0876927158	1.58316411	100	0	0	0	3
209	1074	0	2.48645186	15.7879905	15.7699635	15.717229	15.8003216	0.0830925982	1.58316411	100	0	0	0	3
210	1079	0	2.49834875	15.7823321	15.7714775	15.722946	15.8003216	0.0773756196	1.58316411	100	0	0	0	3
211	1084	0	2.51024565	15.7816415	15.7728425	15.7307228	15.8003216	0.0695987695	1.58316411	100	0	0	0	3
212	1089	0	2.52214255	15.7805163	15.7739811	15.7307228	15.8003216	0.0695987695	1.58316411	100	0	0	0	3
213	1094	0	2.53403945	15.780547	15.7750951	15.7307228	15.8003216	0.0695987695	1.58316411	100	0	0	0	3
214	1099	0	2.54593635	15.7829561	15.7763098	15.7328807	15.8003216	0.0674409467	1.58316411	100	0	0	0	3
215	1104	0	2.55783325	15.787671	15.777584	15.7371742	15.8003216	0.0631473965	1.58316411	100	0	0	0	3
216	1109	0	2.56973015	15.787649	15.7787578	15.7398285	15.8003216	0.0604931261	1.58316411	100	0	0	0	3
217	1114	0	2.58162705	15.7882127	15.7798831	15.745083	15.8003216	0.0552386319	1.58316411	100	0	0	0	3
218	1119	0	2.59352394	15.7880239	15.7808817	15.7468853	15.8003216	0.0534363245	1.58316411	100	0	0	0	3
219	1124	0	2.60542084	15.7932291	15.7819595	15.7549819	15.8003216	0.0453396917	1.58316411	100	0	0	0	3
220	1129	0	2.61731774	15.790739	15.782791	15.7585453	15.8003216	0.0417762814	1.58316411	100	0	0	0	3
221	1135	0	2.62921464	15.7906435	15.7835375	15.7608572	15.8003216	0.039464393	1.58316411	100	0	0	0	3
222	1140	0	2.64111154	15.7910932	15.7842051	15.7608572	15.8003216	0.039464393	1.58316411	100	0	0	0	3
223	1145	0	2.65300844	15.7959423	15.785021	15.764277	15.8003216	0.0360446463	1.58316411	100	0	0	0	3
224	1149	0	2.66490534	15.7930266	15.785646	15.764277	15.8003216	0.0360446463	1.58316411	100	0	0	0	3
225	1155	0	2.67680224	15.7961536	15.7863873	15.7655972	15.8003216	0.0347244495	1.58316411	100	0	0	0	3
226	1160	0	2.68869914	15.794954	15.78707	15.7678315	15.8003216	0.032490068	1.58316411	100	0	0	0	3
227	1165	0	2.70059603	15.794322	15.7876861	15.7710401	15.8003216	0.0292815255	1.58316411	100	0	0	0	3
228	1170	0	2.71249293	15.793521	15.7882089	15.7719872	15.8003216	0.0283344153	1.58316411	100	0	0	0	3
229	1175	0	2.72438983	15.7884475	15.7885917	15.7744492	15.8003216	0.0258723815	1.58316411	100	0	0	0	3
230	1180	0	2.73628673	15.7844736	15.7888248	15.7771767	15.8003216	0.0231449223	1.58316411	100	0	0	0	3
231	1185	0	2.74818363	15.7831387	15.7889634	15.7799906	15.8003216	0.020331051	1.58316411	100	0	0	0	3
232	1190	0	2.76008053	15.7782903	15.7888995	15.7782903	15.8003216	0.0220313385	1.58316411	100	0	0	0	3
233	1194	0	2.77197743	15.7786182	15.7888194	15.7782903	15.8003216	0.0220313385	1.58316411	100	0	0	0	3
234	1199	0	2.78387433	15.777687	15.7887113	15.777687	15.8003216	0.0226345677	1.58316411	100	0	0	0	3
235	1204	0	2.79577122	15.7766697	15.7886341	15.7766697	15.8003216	0.0236518846	1.58316411	100	0	0	0	3
236	1210	0	2.80766812	15.7793973	15.7885297	15.7766697	15.8003216	0.0236518846	1.58316411	100	0	0	0	3
237	1214	0	2.81956502	15.7787462	15.7884622	15.7766697	15.8003216	0.0236518846	1.58316411	100	0	0	0	3
238	1220	0	2.83146192	15.7809162	15.7883816	15.7766697	15.8003216	0.0236518846	1.58316411	100	0	0	0	3
239	1225	0	2.84335882	15.7829626	15.7883559	15.7766697	15.8003216	0.0236518846	1.58316411	100	0	0	0	3
240	1230	0	2.85525572	15.7862199	15.788346	15.7766697	15.8003216	0.0236518846	1.58316411	100	0	0	0	3
241	1234	0	2.86715262	15.7905896	15.7884603	15.7766697	15.8003216	0.0236518846	1.58316411	100	0	0	0	3
242	1239	0	2.87904952	15.7901744	15.7884341	15.7766697	15.8003216	0.0236518846	1.58316411	100	0	0	0	3
243	1244	0	2.89094642	15.7873692	15.7882775	15.7766697	15.8003216	0.0236518846	1.58316411	100	0	0	0	3
244	1249	0	2.90284331	15.7896021	15.7880839	15.7766697	15.8003216	0.0236518846	1.58316411	100	0	0	0	3
245	1254	0	2.91474021	15.7872614	15.7878733	15.7766697	15.8003216	0.0236518846	1.58316411	100	0	0	0	3
246	1260	0	2.92663711	15.7860331	15.787541	15.7766697	15.7986183	0.0219486097	1.58316411	100	0	0	0	3
247	1264	0	2.93853401	15.7900506	15.7873418	15.7766697	15.7962004	0.0195307065	1.58316411	100	0	0	0	3
248	1270	0	2.95043091	15.7872957	15.787137	15.7766697	15.7962004	0.0195307065	1.58316411	100	0	0	0	3
249	1275	0	2.96232781	15.7886781	15.7869621	15.7766697	15.7961536	0.0194838479	1.58316411	100	0	0	0	3
250	1280	0	2.97422471	15.7895321	15.7868138	15.7766697	15.7961536	0.0194838479	1.58316411	100	0	0	0	3
251	1285	0	2.98612161	15.7843403	15.7866897	15.7766697	15.7961536	0.0189999418	1.58316411	100	0	0	0	3
252	1290	0	2.9980185	15.7807495	15.7865213	15.7766697	15.7961536	0.0174859169	1.58316411	100	0	0	0	3
253	1295	0	3.0099154	15.776262	15.7863802	15.776262	15.7961536	0.0161209051	1.58316411	100	0	0	0	3
254	1300	0	3.0218123	15.7749333	15.7862242	15.7749333	15.7961536	0.0149823179	1.58316411	100	0	0	0	3
255	1305	0	3.0337092	15.7726864	15.7860421	15.7726864	15.7961536	0.0138683482	1.58316411	100	0	0	0	3
256	1310	0	3.0456061	15.7749404	15.7859117	15.7726864	15.7961536	0.0126536216	1.58316411	100	0	0	0	3
257	1315	0	3.057503	15.7748389	15.7857229	15.7726864	15.7961536	0.0113794275	1.58316411	100	0	0	0	3
258	1320	0	3.0693999	15.775474	15.7854393	15.7726864	15.7961536	0.0102055947	1.58316411	100	0	0	0	3
259	1325	0	3.0812968	15.77583	15.7851644	15.7726864	15.7961536	0.00908038061	1.58316411	100	0	0	0	3
260	1330	0	3.0931937	15.7789788	15.7849497	15.7726864	15.7961536	0.00808175539	1.58316411	100	0	0	0	3
261	1335	0	3.10509059	15.7805448	15.7847757	15.7726864	15.7961536	0.00700399127	1.58316411	100	0	0	0	3
262	1340	0	3.11698749	15.7838901	15.7845585	15.7726864	15.7961536	0.00617243172	1.58316411	100	0	0	0	3
263	1344	0	3.12888439	15.7797231	15.7843024	15.7726864	15.7961536	0.00542596341	1.58316411	100	0	0	0	3
264	1349	0	3.14078129	15.783361	15.784133	15.7726864	15.7961536	0.00483045326	1.58316411	100	0	0	0	3
265	1354	0	3.15267819	15.7844886	15.7839794	15.7726864	15.7961536	0.00498404966	1.58316411	100	0	0	0	3
266	1360	0	3.16457509	15.7798521	15.7836052	15.7726864	15.7961536	0.0053582405	1.58316411	100	0	0	0	3
267	1365	0	3.17647199	15.7799395	15.7833009	15.7726864	15.7961536	0.00566259028	1.58316411	100	0	0	0	3
268	1370	0	3.18836889	15.7815286	15.7829607	15.7726864	15.794954	0.00600270598	1.58316411	100	0	0	0	3
269	1375	0	3.20026578	15.7781788	15.7825706	15.7726864	15.794322	0.00639282688	1.58316411	100	0	0	0	3
270	1380	0	3.21216268	15.7781275	15.782194	15.7726864	15.793521	0.00676944233	1.58316411	100	0	0	0	3
271	1385	0	3.22405958	15.7759342	15.781785	15.7726864	15.7905896	0.00717843778	1.58316411	100	0	0	0	3
272	1390	0	3.23595648	15.7682006	15.7813141	15.7682006	15.7905896	0.00764929444	1.58316411	100	0	0	0	3
273	1395	0	3.24785338	15.7687752	15.7809491	15.7682006	15.7905896	0.00801437299	1.58316411	100	0	0	0	3
274	1400	0	3.25975028	15.771173	15.7806708	15.7682006	15.7905896	0.00822871406	1.58316411	100	0	0	0	3
275	1405	0	3.27164718	15.7730522	15.780549	15.7682006	15.7905896	0.00827037891	1.58316411	100	0	0	0	3
276	1410	0	3.28354408	15.7760558	15.7804894	15.7682006	15.7905896	0.00822192002	1.58316411	100	0	0	0	3
277	1415	0	3.29544098	15.7712385	15.7803394	15.7682006	15.7905896	0.00829465636	1.58316411	100	0	0	0	3
278	1420	0	3.30733787	15.7748636	15.7802974	15.7682006	15.7905896	0.00823227164	1.58316411	100	0	0	0	3
279	1425	0	3.31923477	15.7740394	15.7801728	15.7682006	15.7905896	0.00828935473	1.58316411	100	0	0	0	3
280	1430	0	3.33113167	15.7710924	15.7799948	15.7682006	15.7905896	0.0084654709	1.58316411	100	0	0	0	3
281	1435	0	3.34302857	15.7697909	15.7797361	15.7682006	15.7905896	0.00872420085	1.58316411	100	0	0	0	3
282	1440	0	3.35492547	15.7738413	15.779524	15.7682006	15.7905896	0.00893632218	1.58316411	100	0	0	0	3
283	1445	0	3.36682237	15.7703296	15.7791544	15.7682006	15.7905896	0.00930586582	1.58316411	100	0	0	0	3
284	1450	0	3.37871927	15.7724655	15.7787329	15.7682006	15.7901744	0.00970111531	1.58316411	100	0	0	0	3
285	1455	0	3.39061617	15.7691685	15.7782444	15.7682006	15.7900506	0.0100330138	1.58316411	100	0	0	0	3
286	1460	0	3.40251306	15.7727736	15.777905	15.7682006	15.7900506	0.0101788467	1.58316411	100	0	0	0	3
287	1465	0	3.41440996	15.7724032	15.777505	15.7682006	15.7900506	0.0103682814	1.58316411	100	0	0	0	3
288	1470	0	3.42630686	15.7707912	15.777122	15.7682006	15.7900506	0.010419019	1.58316411	100	0	0	0	3
289	1475	0	3.43820376	15.768913	15.7767239	15.7682006	15.7900506	0.0106179103	1.58316411	100	0	0	0	3
290	1480	0	3.45010066	15.7720969	15.7763063	15.7682006	15.7895321	0.0108306562	1.58316411	100	0	0	0	3
291	1485	0	3.46199756	15.7657493	15.7758053	15.7657493	15.7895321	0.0111567986	1.58316411	100	0	0	0	3
292	1490	0	3.47389446	15.7674759	15.7753122	15.7657493	15.7895321	0.0115016031	1.58316411	100	0	0	0	3
293	1495	0	3.48579136	15.762966	15.7746944	15.762966	15.7844886	0.0119953579	1.58316411	100	0	0	0	3
294	1500	0	3.49768826	15.7678226	15.7743102	15.762966	15.7844886	0.0122110939	1.58316411	100	0	0	0	3
295	1505	0	3.50958515	15.7702334	15.7740657	15.762966	15.7844886	0.0123144894	1.58316411	100	0	0	0	3
296	1510	0	3.52148205	15.7701176	15.7739228	15.762966	15.7844886	0.0123013777	1.58316411	100	0	0	0	3
297	1516	0	3.53337895	15.76816	15.7737653	15.762966	15.7844886	0.0122768056	1.58316411	100	0	0	0	3
298	1521	0	3.54527585	15.7731149	15.7737752	15.762966	15.7844886	0.0121464187	1.58316411	100	0	0	0	3
299	1526	0	3.55717275	15.7699193	15.7736585	15.762966	15.7844886	0.0120644523	1.58316411	100	0	0	0	3
300	1531	0	3.56906965	15.7695848	15.7735363	15.762966	15.7844886	0.01190299	1.58316411	100	0	0	0	3
301	1537	0	3.58096655	15.763904	15.7732672	15.762966	15.7844886	0.0118971996	1.58316411	100	0	0	0	3
302	1542	0	3.59286345	15.7656951	15.7730315	15.762966	15.7844886	0.0119181523	1.58316411	100	0	0	0	3
303	1547	0	3.60476034	15.7636165	15.7726742	15.762966	15.7844886	0.0121014825	1.58316411	100	0	0	0	3
304	1552	0	3.61665724	15.7593895	15.7721823	15.7593895	15.7844886	0.0123762777	1.58316411	100	0	0	0	3
305	1557	0	3.62855414	15.757307	15.771564	15.757307	15.7844886	0.0127383068	1.58316411	100	0	0	0	3
306	1562	0	3.64045104	15.7592949	15.771089	15.757307	15.7844886	0.0130440232	1.58316411	100	0	0	0	3
307	1568	0	3.65234794	15.7579899	15.7704989	15.757307	15.7844886	0.0134804533	1.58316411	100	0	0	0	3
308	1573	0	3.66424484	15.7595752	15.7699196	15.757307	15.7815286	0.013685643	1.58316411	100	0	0	0	3
309	1579	0	3.67614174	15.7564634	15.7693756	15.7564634	15.7815286	0.0139252159	1.58316411	100	0	0	0	3
310	1585	0	3.68803864	15.7565035	15.7688306	15.7564634	15.7815286	0.0141301231	1.58316411	100	0	0	0	3
311	1592	0	3.69993554	15.7541055	15.7681929	15.7541055	15.7781788	0.014377749	1.58316411	100	0	0	0	3
312	1598	0	3.71183243	15.7554025	15.7676632	15.7541055	15.7781275	0.0145308142	1.58316411	100	0	0	0	3
313	1604	0	3.72372933	15.7568782	15.767169	15.7541055	15.7760558	0.0146159886	1.58316411	100	0	0	0	3
314	1611	0	3.73562623	15.7589231	15.7667734	15.7541055	15.7760558	0.0145407392	1.58316411	100	0	0	0	3
315	1617	0	3.74752313	15.7533046	15.766427	15.7533046	15.7760558	0.0145220813	1.58316411	100	0	0	0	3
316	1624	0	3.75942003	15.7581855	15.7661807	15.7533046	15.7760558	0.0144900824	1.58316411	100	0	0	0	3
317	1629	0	3.77131693	15.7531739	15.7657621	15.7531739	15.7760558	0.0147868527	1.58316411	100	0	0	0	3
318	1635	0	3.78321383	15.7543604	15.7653274	15.7531739	15.7760558	0.015161956	1.58316411	100	0	0	0	3
319	1641	0	3.79511073	15.7509945	15.7647446	15.7509945	15.7748636	0.0155948123	1.58316411	100	0	0	0	3
320	1648	0	3.80700762	15.7472241	15.7641861	15.7472241	15.7748636	0.0161112844	1.58316411	100	0	0	0	3
321	1654	0	3.81890452	15.7472502	15.763544	15.7472241	15.7740394	0.0166288539	1.58316411	100	0	0	0	3
322	1661	0	3.83080142	15.7477384	15.7629323	15.7472241	15.7738413	0.017062513	1.58316411	100	0	0	0	3
323	1666	0	3.84269832	15.7434734	15.76229	15.7434734	15.7738413	0.0174460859	1.58316411	100	0	0	0	3
324	1673	0	3.85459522	15.748319	15.7617907	15.7434734	15.7738413	0.0177333109	1.58316411	100	0	0	0	3
325	1679	0	3.86649212	15.7497806	15.7612311	15.7434734	15.7731149	0.0179233202	1.58316411	100	0	0	0	3
326	1685	0	3.87838902	15.7490182	15.7607355	15.7434734	15.7731149	0.0179974425	1.58316411	100	0	0	0	3
327	1691	0	3.89028592	15.7503078	15.7602202	15.7434734	15.7731149	0.0180242273	1.58316411	100	0	0	0	3
328	1696	0	3.90218282	15.7542803	15.759874	15.7434734	15.7731149	0.0180310313	1.58316411	100	0	0	0	3
329	1702	0	3.91407971	15.7528856	15.7594115	15.7434734	15.7731149	0.0180935706	1.58316411	100	0	0	0	3
330	1708	0	3.92597661	15.7568753	15.7590503	15.7434734	15.7731149	0.018071657	1.58316411	100	0	0	0	3
331	1714	0	3.93787351	15.7537462	15.7586539	15.7434734	15.7731149	0.0180699118	1.58316411	100	0	0	0	3
332	1719	0	3.94977041	15.7555449	15.7583431	15.7434734	15.7731149	0.0179632714	1.58316411	100	0	0	0	3
333	1725	0	3.96166731	15.7528868	15.7578963	15.7434734	15.7731149	0.0179089384	1.58316411	100	0	0	0	3
334	1730	0	3.97356421	15.752946	15.7575986	15.7434734	15.7731149	0.0177136153	1.58316411	100	0	0	0	3
335	1736	0	3.98546111	15.7480652	15.7571472	15.7434734	15.7731149	0.017547212	1.58316411	100	0	0	0	3
336	1742	0	3.99735801	15.7477239	15.7567927	15.7434734	15.7731149	0.0175175477	1.58316411	100	0	0	0	3
337	1747	0	4.00925491	15.7458926	15.7562827	15.7434734	15.7731149	0.0177829858	1.58316411	100	0	0	0	3
