Iteration	CPUTime	PhysTime	Travels	Value	AvValue	MinValue	MaxValue	Delta	Criteria	Progress	dGMaxMin	CriteriaType	CriteriaVarType	CriteriaPercentage
1	24	0	0.011190137	293.200393	293.200393	293.200393	293.200393	0	0	0	0.391497	0	0	3
2	32	0	0.0223802741	293.200444	293.200418	293.200393	293.200444	2.58754586e-005	0	0	0.310232	0	0	3
3	39	0	0.0335704111	293.200465	293.200434	293.200393	293.200465	4.13281269e-005	0	0	0.273031	0	0	3
4	46	0	0.0447605481	293.200481	293.200446	293.200393	293.200481	5.31593283e-005	0	0	0.611997	0	0	3
5	54	0	0.0559506852	293.200498	293.200456	293.200393	293.200498	6.36124317e-005	0	0	0.770505	0	0	3
6	62	0	0.0671408222	293.200522	293.200467	293.200393	293.200522	7.45220818e-005	0	0	0.770509	0	0	3
7	70	0	0.0783309593	293.200553	293.200479	293.200393	293.200553	8.67309215e-005	0	0	0.517032	0	0	3
8	77	0	0.0895210963	293.200579	293.200492	293.200393	293.200579	9.92548382e-005	0	0	0.305423	0	0	3
9	84	0	0.100711233	293.200608	293.200505	293.200393	293.200608	0.000112148836	0	0	0.197386	0	0	3
10	91	0	0.11190137	293.200633	293.200518	293.200393	293.200633	0.000124972184	0	0	0.187251	0	0	3
11	97	0	0.123091507	293.200673	293.200532	293.200393	293.200673	0.000139093393	0	0	0.175818	0	0	3
12	105	0	0.134281644	293.200711	293.200547	293.200393	293.200711	0.000154002133	0	0	0.165551	0	0	3
13	111	0	0.145471781	293.200747	293.200562	293.200393	293.200747	0.00016943221	0	0	0.156953	0	0	3
14	118	0	0.156661919	293.200783	293.200578	293.200393	293.200783	0.000185182842	0	0	0.150838	0	0	3
15	125	0	0.167852056	293.200817	293.200594	293.200393	293.200817	0.000201104438	0	0	0.143368	0	0	3
16	132	0	0.179042193	293.200869	293.200611	293.200393	293.200869	0.000218340795	0	0	0.163785	0	0	3
17	139	0	0.19023233	293.200923	293.200629	293.200393	293.200923	0.000236688471	0	0	0.196254	0	0	3
18	146	0	0.201422467	293.200976	293.200649	293.200393	293.200976	0.000255961577	0	0	0.223034	0	0	3
19	153	0	0.212612604	293.201029	293.200669	293.200393	293.201029	0.000275991442	0	0	0.24478	0	0	3
20	159	0	0.223802741	293.201082	293.200689	293.200393	293.201082	0.000296641367	0	0	0.264729	0	0	3
21	166	0	0.234992878	293.201162	293.200712	293.200393	293.201162	0.000319134963	0	0	0.27996	0	0	3
22	173	0	0.246183015	293.201242	293.200736	293.200393	293.201242	0.000343243629	0	0	0.28565	0	0	3
23	180	0	0.257373152	293.201323	293.200761	293.200393	293.201323	0.000368794269	0	0	0.287046	0	0	3
24	187	0	0.268563289	293.201405	293.200788	293.200393	293.201405	0.000395598259	0	0	0.288892	0	0	3
25	194	0	0.279753426	293.201486	293.200816	293.200393	293.201486	0.000423512009	0	0	0.28648	0	0	3
26	201	0	0.290943563	293.201605	293.200846	293.200393	293.201605	0.000453858781	0	0	0.296692	0	0	3
27	207	0	0.3021337	293.201722	293.200879	293.200393	293.201722	0.000486284492	0	0	0.305192	0	0	3
28	214	0	0.313323837	293.201835	293.200913	293.200393	293.201835	0.000520419261	0	0	0.317052	0	0	3
29	221	0	0.324513974	293.201942	293.200948	293.200393	293.201942	0.000555918406	0	0	0.346402	0	0	3
30	228	0	0.335704111	293.202044	293.200985	293.200393	293.202044	0.000592445314	0	0	0.369986	0	0	3
31	235	0	0.346894248	293.202184	293.201024	293.200393	293.202184	0.000631114656	0	0	0.407589	0	0	3
32	241	0	0.358084385	293.202313	293.201064	293.200393	293.202313	0.000671393158	0	0	0.432472	0	0	3
33	248	0	0.369274522	293.202431	293.201105	293.200393	293.202431	0.000712817288	0	0	0.471433	0	0	3
34	255	0	0.380464659	293.202538	293.201148	293.200393	293.202538	0.000754951934	0	0	0.488402	0	0	3
35	262	0	0.391654796	293.202635	293.20119	293.200393	293.202635	0.000797444817	0	0	0.518246	0	0	3
36	269	0	0.402844933	293.202755	293.201233	293.200393	293.202755	0.000840914264	0	0	0.530847	0	0	3
37	276	0	0.41403507	293.202857	293.201277	293.200393	293.202857	0.000884790756	0	0	0.553047	0	0	3
38	283	0	0.425225207	293.202943	293.201321	293.200393	293.202943	0.000928633075	0	0	0.574159	0	0	3
39	290	0	0.436415344	293.203019	293.201365	293.200393	293.203019	0.000972173259	0	0	0.5583	0	0	3
40	297	0	0.447605481	293.203089	293.201408	293.200393	293.203089	0.00101527819	0	0	0.558948	0	0	3
41	304	0	0.458795619	293.203177	293.201451	293.200393	293.203177	0.00105843344	0	0	0.542818	0	0	3
42	311	0	0.469985756	293.203272	293.201494	293.200393	293.203272	0.00110179974	0	0	0.548546	0	0	3
43	318	0	0.481175893	293.203377	293.201538	293.200393	293.203377	0.00114557824	0	0	0.54981	0	0	3
44	325	0	0.49236603	293.203493	293.201583	293.200393	293.203493	0.00119001228	0	0	0.553418	0	0	3
45	332	0	0.503556167	293.203622	293.201628	293.200393	293.203622	0.00123532661	0	0	0.512763	0	0	3
46	339	0	0.514746304	293.203761	293.201703	293.200444	293.203761	0.00128431229	0	0	0.500027	0	0	3
47	346	0	0.525936441	293.20391	293.20178	293.200465	293.20391	0.0013458851	0	0	0.486131	0	0	3
48	353	0	0.537126578	293.204058	293.20186	293.200481	293.204058	0.00141390648	0	0	0.468489	0	0	3
49	360	0	0.548316715	293.204203	293.201942	293.200498	293.204203	0.00148616803	0	0	0.44723	0	0	3
50	367	0	0.559506852	293.204338	293.202028	293.200522	293.204338	0.00156058883	0	0	0.422522	0	0	3
51	375	0	0.570696989	293.204452	293.202115	293.200553	293.204452	0.00163571996	0	0	0.397305	0	0	3
52	382	0	0.581887126	293.204536	293.202204	293.200579	293.204536	0.00171172736	0	0	0.374642	0	0	3
53	389	0	0.593077263	293.204591	293.202293	293.200608	293.204591	0.0017879752	0	0	0.364255	0	0	3
54	396	0	0.6042674	293.204625	293.202382	293.200633	293.204625	0.00186442259	0	0	0.355313	0	0	3
55	403	0	0.615457537	293.20465	293.202471	293.200673	293.20465	0.00193957116	0	0	0.346527	0	0	3
56	410	0	0.626647674	293.204668	293.20256	293.200711	293.204668	0.00201344212	0	0	0.338543	0	0	3
57	417	0	0.637837811	293.204683	293.202648	293.200747	293.204683	0.00208628454	0	0	0.330682	0	0	3
58	424	0	0.649027948	293.204691	293.202736	293.200783	293.204691	0.0021581677	0	0	0.324804	0	0	3
59	431	0	0.660218085	293.204698	293.202823	293.200817	293.204698	0.00222924603	0	0	0.318084	0	0	3
60	438	0	0.671408222	293.204707	293.202909	293.200869	293.204707	0.00229845829	0	0	0.313109	0	0	3
61	445	0	0.682598359	293.204724	293.202995	293.200923	293.204724	0.00236576572	0	0	0.309163	0	0	3
62	452	0	0.693788496	293.204751	293.20308	293.200976	293.204751	0.00243156003	0	0	0.306506	0	0	3
63	459	0	0.704978633	293.204786	293.203165	293.201029	293.204786	0.00249619069	0	0	0.303875	0	0	3
64	467	0	0.71616877	293.204829	293.203249	293.201082	293.204829	0.00255997239	0	0	0.302272	0	0	3
65	474	0	0.727358907	293.204869	293.203333	293.201162	293.204869	0.00262163699	0	0	0.300328	0	0	3
66	480	0	0.738549044	293.2049	293.203416	293.201242	293.2049	0.00268061204	0	0	0.296661	0	0	3
67	488	0	0.749739182	293.204918	293.203498	293.201323	293.204918	0.00273674095	0	0	0.294191	0	0	3
68	495	0	0.760929319	293.204926	293.203578	293.201405	293.204926	0.00278998739	0	0	0.292826	0	0	3
69	502	0	0.772119456	293.204926	293.203656	293.201486	293.204926	0.00284032152	0	0	0.290922	0	0	3
70	509	0	0.783309593	293.204919	293.203733	293.201605	293.204926	0.00288627294	0	0	0.289877	0	0	3
71	516	0	0.79449973	293.204908	293.203806	293.201722	293.204926	0.00292723635	0	0	0.288141	0	0	3
72	523	0	0.805689867	293.204893	293.203877	293.201835	293.204926	0.00296357083	0	0	0.287127	0	0	3
73	530	0	0.816880004	293.204879	293.203944	293.201942	293.204926	0.00298335035	0	0	0.285388	0	0	3
74	537	0	0.828070141	293.204867	293.204009	293.202044	293.204926	0.00288151919	0	0	0.284255	0	0	3
75	544	0	0.839260278	293.204861	293.204072	293.202184	293.204926	0.0027420499	0	0	0.282334	0	0	3
76	551	0	0.850450415	293.204859	293.204131	293.202313	293.204926	0.0026132181	0	0	0.280955	0	0	3
77	558	0	0.861640552	293.204862	293.204188	293.202431	293.204926	0.00249485538	0	0	0.278664	0	0	3
78	565	0	0.872830689	293.204865	293.204242	293.202538	293.204926	0.00238784956	0	0	0.27679	0	0	3
79	572	0	0.884020826	293.204868	293.204294	293.202635	293.204926	0.00229104196	0	0	0.273998	0	0	3
80	579	0	0.895210963	293.204873	293.204343	293.202755	293.204926	0.0021708999	0	0	0.27169	0	0	3
81	586	0	0.9064011	293.204877	293.204391	293.202857	293.204926	0.00206890038	0	0	0.268454	0	0	3
82	593	0	0.917591237	293.204879	293.204436	293.202943	293.204926	0.00198244594	0	0	0.265712	0	0	3
83	600	0	0.928781374	293.204878	293.204479	293.203019	293.204926	0.00190654454	0	0	0.262281	0	0	3
84	607	0	0.939971511	293.204874	293.20452	293.203089	293.204926	0.00183687426	0	0	0.259133	0	0	3
85	614	0	0.951161648	293.20487	293.204559	293.203177	293.204926	0.00174860138	0	0	0.257644	0	0	3
86	621	0	0.962351785	293.204867	293.204597	293.203272	293.204926	0.00165342676	0	0	0.253853	0	0	3
87	628	0	0.973541922	293.204865	293.204632	293.203377	293.204926	0.00154896985	0	0	0.251104	0	0	3
88	635	0	0.984732059	293.204862	293.204665	293.203493	293.204926	0.00143256858	0	0	0.246324	0	0	3
89	642	0	0.995922196	293.204858	293.204696	293.203622	293.204926	0.00130408761	0	0	0.242183	0	0	3
90	649	0	1.00711233	293.204854	293.204723	293.203761	293.204926	0.00116449357	0.000133830341	0	0.236708	0	0	3
91	656	0	1.01830247	293.204848	293.204747	293.20391	293.204926	0.00101534746	0.000133830341	0	0.231662	0	0	3
92	663	0	1.02949261	293.204841	293.204768	293.204058	293.204926	0.000867645441	0.000133830341	0	0.225677	0	0	3
93	670	0	1.04068274	293.204834	293.204785	293.204203	293.204926	0.000722432401	0.000133830341	0	0.220052	0	0	3
94	677	0	1.05187288	293.204828	293.204799	293.204338	293.204926	0.000587949809	0.000133830341	0	0.214	0	0	3
95	684	0	1.06306302	293.204824	293.20481	293.204452	293.204926	0.000473875555	0.000133830341	0	0.208652	0	0	3
96	691	0	1.07425316	293.204822	293.204818	293.204536	293.204926	0.000389351761	0.000133830341	0	0.203452	0	0	3
97	698	0	1.08544329	293.204823	293.204824	293.204591	293.204926	0.000334939785	0.000133830341	0	0.19807	0	0	3
98	704	0	1.09663343	293.204826	293.20483	293.204625	293.204926	0.000300760626	0.000133830341	0	0.193353	0	0	3
99	711	0	1.10782357	293.204828	293.204834	293.20465	293.204926	0.000275722592	0.000133830341	0	0.187897	0	0	3
100	718	0	1.1190137	293.204829	293.204838	293.204668	293.204926	0.000257852854	0.000133830341	0	0.183231	0	0	3
101	727	0	1.13020384	293.204827	293.204842	293.204683	293.204926	0.000242984108	0.000133830341	0	0.177871	0	0	3
102	734	0	1.14139398	293.204823	293.204845	293.204691	293.204926	0.000235131034	0.000133830341	0	0.173377	0	0	3
103	741	0	1.15258411	293.204817	293.204848	293.204698	293.204926	0.000228307269	0.000133830341	0	0.16829	0	0	3
104	748	0	1.16377425	293.204811	293.20485	293.204707	293.204926	0.000219050267	0.000133830341	0	0.163976	0	0	3
105	755	0	1.17496439	293.204803	293.204852	293.204724	293.204926	0.000201878746	0.000133830341	0	0.159145	0	0	3
106	762	0	1.18615453	293.204797	293.204854	293.204751	293.204926	0.000174959674	0.000133830341	0	0.15514	0	0	3
107	769	0	1.19734466	293.204792	293.204855	293.204786	293.204926	0.000139917125	0.000133830341	0	0.150574	0	0	3
108	776	0	1.2085348	293.204788	293.204855	293.204788	293.204926	0.000137405438	0.000133830341	0	0.146807	0	0	3
109	783	0	1.21972494	293.204787	293.204854	293.204787	293.204926	0.000139247612	0.000133830341	0	0.142592	0	0	3
110	790	0	1.23091507	293.204785	293.204852	293.204785	293.204926	0.000141114164	0.000133830341	0	0.139147	0	0	3
111	796	0	1.24210521	293.204783	293.204849	293.204783	293.204926	0.000142729176	0.000133830341	0	0.135237	0	0	3
112	804	0	1.25329535	293.204781	293.204846	293.204781	293.204926	0.000144783005	0.000133830341	0	0.132234	0	0	3
113	811	0	1.26448549	293.204779	293.204843	293.204779	293.204926	0.000146820489	0.000133830341	0	0.128703	0	0	3
114	817	0	1.27567562	293.204776	293.20484	293.204776	293.204919	0.000143216131	0.000133830341	0	0.125994	0	0	3
115	824	0	1.28686576	293.204773	293.204837	293.204773	293.204908	0.000134161063	0.000133830341	0	0.122895	0	0	3
116	831	0	1.2980559	293.20477	293.204834	293.20477	293.204893	0.000122856534	0.000133830341	0	0.120639	0	0	3
117	838	0	1.30924603	293.204768	293.204831	293.204768	293.204879	0.000111025021	0.000133830341	0	0.117809	0	0	3
118	845	0	1.32043617	293.204766	293.204828	293.204766	293.204879	0.000112842179	0.000133830341	0	0.115779	0	0	3
119	852	0	1.33162631	293.204764	293.204826	293.204764	293.204879	0.000114365602	0.000133830341	0	0.113333	0	0	3
120	859	0	1.34281644	293.204763	293.204824	293.204763	293.204879	0.000115524666	0.000133830341	0	0.111471	0	0	3
121	866	0	1.35400658	293.204763	293.204822	293.204763	293.204879	0.000115524666	0.000133830341	0	0.110603	0	0	3
122	872	0	1.36519672	293.204763	293.204819	293.204763	293.204879	0.000115524666	0.000133830341	0	0.110679	0	0	3
123	879	0	1.37638686	293.204763	293.204817	293.204763	293.204879	0.000115771222	0.000133830341	0	0.110718	0	0	3
124	886	0	1.38757699	293.204762	293.204815	293.204762	293.204879	0.000116539351	0.000133830341	0	0.110949	0	0	3
125	893	0	1.39876713	293.204761	293.204812	293.204761	293.204879	0.000117670399	0.000133830341	0	0.110428	0	0	3
126	900	0	1.40995727	293.204759	293.20481	293.204759	293.204879	0.000119298066	0.000133830341	0	0.110555	0	0	3
127	907	0	1.4211474	293.204757	293.204807	293.204757	293.204878	0.000120551385	0.000133830341	0	0.110644	0	0	3
128	914	0	1.43233754	293.204756	293.204804	293.204756	293.204874	0.00011896236	0.000133830341	0	0.110854	0	0	3
129	920	0	1.44352768	293.204754	293.204802	293.204754	293.20487	0.000116134024	0.000133830341	0	0.110954	0	0	3
130	927	0	1.45471781	293.204753	293.204799	293.204753	293.204867	0.00011406802	0.000133830341	0	0.110645	0	0	3
131	934	0	1.46590795	293.204753	293.204797	293.204753	293.204865	0.00011199796	0.000133830341	0	0.110569	0	0	3
132	941	0	1.47709809	293.204753	293.204794	293.204753	293.204862	0.000109555471	0.000133830341	0	0.11085	0	0	3
133	948	0	1.48828823	293.204753	293.204792	293.204753	293.204858	0.000105673182	0.000133830341	0	0.110873	0	0	3
134	955	0	1.49947836	293.204753	293.204789	293.204753	293.204854	0.000101878679	0.000133830341	0	0.110578	0	0	3
135	961	0	1.5106685	293.204752	293.204787	293.204752	293.204848	9.64268652e-005	0.000133830341	0	0.110545	0	0	3
136	968	0	1.52185864	293.204751	293.204785	293.204751	293.204841	8.69667301e-005	0.000133830341	0	0.110839	0	0	3
137	975	0	1.53304877	293.204751	293.204783	293.204751	293.204834	7.20416563e-005	0.000133830341	0	0.11086	0	0	3
138	982	0	1.54423891	293.20475	293.204781	293.20475	293.204829	7.39181806e-005	0.000133830341	0	0.110507	0	0	3
139	989	0	1.55542905	293.20475	293.204779	293.20475	293.204829	7.56612699e-005	0.000133830341	0	0.110434	0	0	3
140	996	0	1.56661919	293.204749	293.204778	293.204749	293.204829	7.73199333e-005	0.000133830341	0	0.110771	0	0	3
141	1003	0	1.57780932	293.204748	293.204776	293.204748	293.204829	7.89618845e-005	0.000133830341	0	0.110813	0	0	3
142	1010	0	1.58899946	293.204747	293.204774	293.204747	293.204829	8.06441009e-005	0.000133830341	0	0.110483	0	0	3
143	1017	0	1.6001896	293.204747	293.204772	293.204747	293.204829	8.23584779e-005	0.000133830341	0	0.11027	0	0	3
144	1024	0	1.61137973	293.204746	293.204771	293.204746	293.204829	8.33822929e-005	0.000133830341	0	0.110553	0	0	3
145	1030	0	1.62256987	293.204745	293.204769	293.204745	293.204827	8.19548139e-005	0.000133830341	0	0.110619	0	0	3
146	1038	0	1.63376001	293.204745	293.204767	293.204745	293.204823	7.8551576e-005	0.000133830341	0	0.110883	0	0	3
147	1044	0	1.64495014	293.204745	293.204765	293.204745	293.204817	7.25932551e-005	0.000133830341	0	0.110277	0	0	3
148	1051	0	1.65614028	293.204745	293.204764	293.204745	293.204811	6.59562738e-005	0.000133830341	0	0.110327	0	0	3
149	1058	0	1.66733042	293.204745	293.204762	293.204745	293.204803	5.86545634e-005	0.000133830341	0	0.110389	0	0	3
150	1065	0	1.67852056	293.204744	293.204761	293.204744	293.204797	5.26362132e-005	0.000133830341	0	0.110749	0	0	3
151	1072	0	1.68971069	293.204744	293.20476	293.204744	293.204792	4.77847772e-005	0.000133830341	0	0.110721	0	0	3
152	1079	0	1.70090083	293.204744	293.204759	293.204744	293.204788	4.42065084e-005	0.000133830341	0	0.110339	0	0	3
153	1086	0	1.71209097	293.204745	293.204758	293.204744	293.204787	4.23643345e-005	0.000133830341	0	0.110228	0	0	3
154	1093	0	1.7232811	293.204745	293.204757	293.204744	293.204785	4.04977826e-005	0.000133830341	0	0.110548	0	0	3
155	1100	0	1.73447124	293.204745	293.204756	293.204744	293.204783	3.88827707e-005	0.000133830341	0	0.110648	0	0	3
156	1107	0	1.74566138	293.204745	293.204755	293.204744	293.204781	3.68289419e-005	0.000133830341	0	0.110887	0	0	3
157	1114	0	1.75685151	293.204744	293.204754	293.204744	293.204779	3.49130755e-005	0.000133830341	0	0.110262	0	0	3
158	1121	0	1.76804165	293.204743	293.204753	293.204743	293.204776	3.2767127e-005	0.000133830341	0	0.110375	0	0	3
159	1128	0	1.77923179	293.204743	293.204753	293.204743	293.204773	3.00003367e-005	0.000133830341	0	0.110428	0	0	3
160	1135	0	1.79042193	293.204744	293.204752	293.204743	293.20477	2.67355994e-005	0.000133830341	0	0.1107	0	0	3
161	1142	0	1.80161206	293.204744	293.204751	293.204743	293.204768	2.42666218e-005	0.000133830341	0	0.110627	0	0	3
162	1148	0	1.8128022	293.204744	293.204751	293.204743	293.204766	2.24049948e-005	0.000133830341	0	0.110358	0	0	3
163	1155	0	1.82399234	293.204744	293.20475	293.204743	293.204764	2.08815717e-005	0.000133830341	0	0.110282	0	0	3
164	1162	0	1.83518247	293.204744	293.20475	293.204743	293.204763	2.00501895e-005	0.000133830341	0	0.110563	0	0	3
165	1169	0	1.84637261	293.204743	293.204749	293.204743	293.204763	2.01261588e-005	0.000133830341	0	0.110598	0	0	3
166	1176	0	1.85756275	293.204743	293.204749	293.204743	293.204763	2.02246594e-005	0.000133830341	0	0.11086	0	0	3
167	1183	0	1.86875289	293.204743	293.204749	293.204743	293.204763	2.00330832e-005	0.000133830341	0	0.110335	0	0	3
168	1190	0	1.87994302	293.204743	293.204748	293.204743	293.204762	1.92649541e-005	0.000133830341	0	0.110476	0	0	3
169	1197	0	1.89113316	293.204743	293.204748	293.204743	293.204761	1.81339061e-005	0.000133830341	0	0.110461	0	0	3
170	1204	0	1.9023233	293.204743	293.204747	293.204743	293.204759	1.65062392e-005	0.000133830341	0	0.110838	0	0	3
171	1210	0	1.91351343	293.204743	293.204747	293.204743	293.204757	1.45601965e-005	0.000133830341	0	0.110914	0	0	3
172	1217	0	1.92470357	293.204743	293.204747	293.204743	293.204756	1.28349934e-005	0.000133830341	0	0.110597	0	0	3
173	1224	0	1.93589371	293.204742	293.204746	293.204742	293.204754	1.21722862e-005	0.000133830341	0	0.110437	0	0	3
174	1231	0	1.94708384	293.204742	293.204746	293.204742	293.204753	1.16903307e-005	0.000133830341	0	0.110711	0	0	3
175	1238	0	1.95827398	293.204742	293.204746	293.204742	293.204753	1.14625643e-005	0.000133830341	0	0.110768	0	0	3
176	1245	0	1.96946412	293.204741	293.204745	293.204741	293.204753	1.16210956e-005	0.000133830341	0	0.111077	0	0	3
177	1252	0	1.98065426	293.204741	293.204745	293.204741	293.204753	1.16210956e-005	0.000133830341	0	0.111013	0	0	3
178	1259	0	1.99184439	293.204741	293.204745	293.204741	293.204753	1.12251712e-005	0.000133830341	0	0.110704	0	0	3
179	1267	0	2.00303453	293.204741	293.204745	293.204741	293.204752	1.06356996e-005	0.000133830341	0	0.110603	0	0	3
180	1273	0	2.01422467	293.204741	293.204744	293.204741	293.204751	1.02411267e-005	0.000133830341	0	0.110842	0	0	3
181	1280	0	2.0254148	293.204741	293.204744	293.204741	293.204751	9.76930579e-006	0.000133830341	0	0.110832	0	0	3
182	1287	0	2.03660494	293.204741	293.204744	293.204741	293.20475	9.31735661e-006	0.000133830341	0	0.111117	0	0	3
183	1294	0	2.04779508	293.204741	293.204744	293.204741	293.20475	8.98022921e-006	0.000133830341	0	0.111093	0	0	3
184	1301	0	2.05898521	293.204741	293.204744	293.204741	293.204749	8.21282771e-006	0.000133830341	0	0.110727	0	0	3
185	1308	0	2.07017535	293.204741	293.204743	293.204741	293.204748	7.59824621e-006	0.000133830341	0	0.110498	0	0	3
186	1315	0	2.08136549	293.204741	293.204743	293.204741	293.204747	6.57459475e-006	0.000133830341	0	0.110767	0	0	3
187	1322	0	2.09255563	293.204741	293.204743	293.204741	293.204747	5.96812458e-006	0.000133830341	0	0.110864	0	0	3
188	1329	0	2.10374576	293.204741	293.204743	293.204741	293.204746	4.94430964e-006	0.000133830341	0	0.111076	0	0	3
189	1336	0	2.1149359	293.204741	293.204743	293.204741	293.204745	4.57601874e-006	0.000133830341	0	0.111043	0	0	3
190	1343	0	2.12612604	293.204741	293.204743	293.204741	293.204745	4.42845533e-006	0.000133830341	0	0.111209	0	0	3
191	1350	0	2.13731617	293.204741	293.204743	293.204741	293.204745	4.42845533e-006	0.000133830341	0	0.110643	0	0	3
192	1357	0	2.14850631	293.204741	293.204743	293.204741	293.204745	4.42729623e-006	0.000133830341	0	0.110629	0	0	3
193	1364	0	2.15969645	293.204741	293.204743	293.204741	293.204745	4.35569387e-006	0.000133830341	0	0.110562	0	0	3
194	1371	0	2.17088659	293.20474	293.204743	293.20474	293.204745	4.5937656e-006	0.000133830341	0	0.110843	0	0	3
195	1378	0	2.18207672	293.20474	293.204742	293.20474	293.204745	5.04871758e-006	0.000133830341	0	0.110915	0	0	3
196	1385	0	2.19326686	293.204739	293.204742	293.204739	293.204745	5.66653301e-006	0.000133830341	0	0.111087	0	0	3
197	1392	0	2.204457	293.204739	293.204742	293.204739	293.204745	6.20832378e-006	0.000133830341	0	0.111096	0	0	3
198	1398	0	2.21564713	293.204738	293.204742	293.204738	293.204745	6.52747747e-006	0.000133830341	0	0.110701	0	0	3
199	1405	0	2.22683727	293.204739	293.204742	293.204738	293.204745	6.52747747e-006	0.000133830341	0	0.110429	0	0	3
200	1412	0	2.23802741	293.204739	293.204742	293.204738	293.204745	6.15404343e-006	0.000133830341	0	0.110681	0	0	3
201	1421	0	2.24921754	293.204739	293.204742	293.204738	293.204744	5.9291562e-006	0.000133830341	0	0.110754	0	0	3
202	1428	0	2.26040768	293.204739	293.204742	293.204738	293.204744	5.9291562e-006	0.000133830341	0	0.110918	0	0	3
203	1436	0	2.27159782	293.204739	293.204741	293.204738	293.204744	5.9291562e-006	0.000133830341	0	0.11104	0	0	3
204	1442	0	2.28278796	293.204739	293.204741	293.204738	293.204744	5.9291562e-006	0.000133830341	0	0.111219	0	0	3
205	1449	0	2.29397809	293.20474	293.204741	293.204738	293.204744	5.9291562e-006	0.000133830341	0	0.110532	0	0	3
206	1456	0	2.30516823	293.20474	293.204741	293.204738	293.204744	5.9291562e-006	0.000133830341	0	0.110624	0	0	3
207	1463	0	2.31635837	293.20474	293.204741	293.204738	293.204744	5.9291562e-006	0.000133830341	0	0.110606	0	0	3
208	1470	0	2.3275485	293.20474	293.204741	293.204738	293.204744	5.38054076e-006	0.000133830341	0	0.110773	0	0	3
209	1477	0	2.33873864	293.20474	293.204741	293.204738	293.204743	4.90374714e-006	0.000133830341	0	0.110872	0	0	3
210	1484	0	2.34992878	293.204739	293.204741	293.204738	293.204743	4.85884738e-006	0.000133830341	0	0.111116	0	0	3
211	1491	0	2.36111891	293.204739	293.204741	293.204738	293.204743	4.85884738e-006	0.000133830341	0	0.111056	0	0	3
212	1498	0	2.37230905	293.204738	293.204741	293.204738	293.204743	5.46033596e-006	0.000133830341	0	0.111254	0	0	3
213	1505	0	2.38349919	293.204738	293.20474	293.204738	293.204743	5.46033596e-006	0.000133830341	0	0.110652	0	0	3
214	1512	0	2.39468933	293.204738	293.20474	293.204738	293.204743	5.28719568e-006	0.000133830341	0	0.110602	0	0	3
215	1519	0	2.40587946	293.204738	293.20474	293.204738	293.204743	5.24828442e-006	0.000133830341	0	0.11061	0	0	3
216	1526	0	2.4170696	293.204739	293.20474	293.204738	293.204743	4.81091166e-006	0.000133830341	0	0.110864	0	0	3
217	1532	0	2.42825974	293.204739	293.20474	293.204738	293.204742	4.17018316e-006	0.000133830341	0	0.11092	0	0	3
218	1540	0	2.43944987	293.204738	293.20474	293.204738	293.204742	3.75019823e-006	0.000133830341	0	0.111039	0	0	3
219	1547	0	2.45064001	293.204738	293.20474	293.204738	293.204742	3.69540237e-006	0.000133830341	0	0.111024	0	0	3
220	1553	0	2.46183015	293.204737	293.20474	293.204737	293.204741	4.01996283e-006	0.000133830341	0	0.110645	0	0	3
221	1560	0	2.47302029	293.204737	293.20474	293.204737	293.204741	4.12076355e-006	0.000133830341	0	0.110465	0	0	3
222	1567	0	2.48421042	293.204738	293.20474	293.204737	293.204741	4.12076355e-006	0.000133830341	0	0.110684	0	0	3
223	1574	0	2.49540056	293.204738	293.20474	293.204737	293.204741	4.12076355e-006	0.000133830341	0	0.110627	0	0	3
224	1581	0	2.5065907	293.204738	293.204739	293.204737	293.204741	4.12076355e-006	0.000133830341	0	0.110926	0	0	3
225	1588	0	2.51778083	293.204738	293.204739	293.204737	293.204741	4.12076355e-006	0.000133830341	0	0.11097	0	0	3
226	1595	0	2.52897097	293.204738	293.204739	293.204737	293.204741	4.12076355e-006	0.000133830341	0	0.110603	0	0	3
227	1602	0	2.54016111	293.204738	293.204739	293.204737	293.204741	4.12076355e-006	0.000133830341	0	0.11038	0	0	3
228	1609	0	2.55135124	293.204738	293.204739	293.204737	293.204741	4.12076355e-006	0.000133830341	0	0.110624	0	0	3
229	1616	0	2.56254138	293.204739	293.204739	293.204737	293.204741	4.12076355e-006	0.000133830341	0	0.110694	0	0	3
230	1623	0	2.57373152	293.204739	293.204739	293.204737	293.204741	4.07425154e-006	0.000133830341	0	0.110985	0	0	3
231	1630	0	2.58492166	293.204739	293.204739	293.204737	293.204741	4.00060833e-006	0.000133830341	0	0.111075	0	0	3
232	1636	0	2.59611179	293.204738	293.204739	293.204737	293.204741	3.75165752e-006	0.000133830341	0	0.111291	0	0	3
233	1643	0	2.60730193	293.204738	293.204739	293.204737	293.204741	3.75165752e-006	0.000133830341	0	0.111394	0	0	3
234	1650	0	2.61849207	293.204737	293.204739	293.204737	293.204741	3.75366847e-006	0.000133830341	0	0.111659	0	0	3
235	1657	0	2.6296822	293.204737	293.204739	293.204737	293.204741	3.98304974e-006	0.000133830341	0	0.111603	0	0	3
236	1664	0	2.64087234	293.204737	293.204739	293.204737	293.204741	4.05669545e-006	0.000133830341	0	0.111178	0	0	3
237	1671	0	2.65206248	293.204737	293.204739	293.204737	293.204741	4.05825119e-006	0.000133830341	0	0.110894	0	0	3
238	1678	0	2.66325261	293.204737	293.204738	293.204737	293.20474	3.81212186e-006	0.000133830341	0	0.111123	0	0	3
239	1685	0	2.67444275	293.204736	293.204738	293.204736	293.20474	3.89726034e-006	0.000133830341	0	0.111156	0	0	3
240	1692	0	2.68563289	293.204736	293.204738	293.204736	293.20474	4.02591894e-006	0.000133830341	0	0.111387	0	0	3
241	1699	0	2.69682303	293.204736	293.204738	293.204736	293.20474	3.98174012e-006	0.000133830341	0	0.111372	0	0	3
242	1706	0	2.70801316	293.204736	293.204738	293.204736	293.20474	3.90492556e-006	0.000133830341	0	0.111559	0	0	3
243	1713	0	2.7192033	293.204736	293.204738	293.204736	293.20474	3.81683662e-006	0.000133830341	0	0.111451	0	0	3
244	1719	0	2.73039344	293.204737	293.204738	293.204736	293.20474	3.72320466e-006	0.000133830341	0	0.111651	0	0	3
245	1726	0	2.74158357	293.204737	293.204738	293.204736	293.20474	3.63730163e-006	0.000133830341	0	0.111013	0	0	3
246	1733	0	2.75277371	293.204737	293.204738	293.204736	293.20474	3.57385244e-006	0.000133830341	0	0.111024	0	0	3
247	1740	0	2.76396385	293.204737	293.204738	293.204736	293.20474	3.52829898e-006	0.000133830341	0	0.110981	0	0	3
248	1747	0	2.77515399	293.204736	293.204738	293.204736	293.20474	3.49533894e-006	0.000133830341	0	0.111172	0	0	3
249	1754	0	2.78634412	293.204736	293.204738	293.204736	293.20474	3.46949889e-006	0.000133830341	0	0.111069	0	0	3
250	1761	0	2.79753426	293.204737	293.204738	293.204736	293.20474	3.44468975e-006	0.000133830341	0	0.111231	0	0	3
251	1768	0	2.8087244	293.204737	293.204738	293.204736	293.20474	3.42213309e-006	0.000133830341	0	0.110622	0	0	3
252	1775	0	2.81991453	293.204737	293.204738	293.204736	293.20474	3.39182128e-006	0.000133830341	0	0.110665	0	0	3
253	1782	0	2.83110467	293.204738	293.204738	293.204736	293.20474	3.35536788e-006	0.000133830341	0	0.110659	0	0	3
254	1788	0	2.84229481	293.204737	293.204737	293.204736	293.204739	2.98173353e-006	0.000133830341	0	0.110866	0	0	3
255	1795	0	2.85348494	293.204737	293.204737	293.204736	293.204739	2.74563553e-006	0.000133830341	0	0.110825	0	0	3
256	1802	0	2.86467508	293.204737	293.204737	293.204736	293.204739	2.74563553e-006	0.000133830341	0	0.111036	0	0	3
257	1809	0	2.87586522	293.204737	293.204737	293.204736	293.204739	2.74563553e-006	0.000133830341	0	0.110466	0	0	3
258	1816	0	2.88705536	293.204737	293.204737	293.204736	293.204739	2.74563553e-006	0.000133830341	0	0.110545	0	0	3
259	1823	0	2.89824549	293.204738	293.204737	293.204736	293.204739	2.74563553e-006	0.000133830341	0	0.110514	0	0	3
260	1830	0	2.90943563	293.204737	293.204737	293.204736	293.204739	2.74563553e-006	0.000133830341	0	0.11073	0	0	3
261	1837	0	2.92062577	293.204737	293.204737	293.204736	293.204739	2.71145439e-006	0.000133830341	0	0.110836	0	0	3
262	1844	0	2.9318159	293.204737	293.204737	293.204736	293.204739	2.65872495e-006	0.000133830341	0	0.111124	0	0	3
263	1851	0	2.94300604	293.204737	293.204737	293.204736	293.204739	2.60360571e-006	0.000133830341	0	0.111108	0	0	3
264	1858	0	2.95419618	293.204737	293.204737	293.204736	293.204739	2.53746822e-006	0.000133830341	0	0.110676	0	0	3
265	1865	0	2.96538631	293.204737	293.204737	293.204736	293.204739	2.46386287e-006	0.000133830341	0	0.110427	0	0	3
266	1872	0	2.97657645	293.204737	293.204737	293.204736	293.204739	2.39649722e-006	0.000133830341	0	0.110625	0	0	3
267	1879	0	2.98776659	293.204736	293.204737	293.204736	293.204739	2.35010594e-006	0.000133830341	0	0.110672	0	0	3
268	1886	0	2.99895673	293.204736	293.204737	293.204736	293.204739	2.31885605e-006	0.000133830341	0	0.11091	0	0	3
269	1893	0	3.01014686	293.204736	293.204737	293.204736	293.204739	2.30898604e-006	0.000133830341	0	0.110852	0	0	3
270	1899	0	3.021337	293.204735	293.204737	293.204735	293.204739	2.30703318e-006	0.000133830341	0	0.111065	0	0	3
271	1906	0	3.03252714	293.204736	293.204737	293.204735	293.204739	2.31273435e-006	0.000133830341	0	0.111029	0	0	3
272	1913	0	3.04371727	293.204736	293.204737	293.204735	293.204739	2.30740943e-006	0.000133830341	0	0.110617	0	0	3
273	1920	0	3.05490741	293.204736	293.204737	293.204735	293.204739	2.29213225e-006	0.000133830341	0	0.110337	0	0	3
274	1927	0	3.06609755	293.204737	293.204737	293.204735	293.204739	2.25871588e-006	0.000133830341	0	0.110535	0	0	3
275	1934	0	3.07728769	293.204738	293.204737	293.204735	293.204739	2.21785137e-006	0.000133830341	0	0.110541	0	0	3
276	1941	0	3.08847782	293.204738	293.204737	293.204735	293.204738	2.16491435e-006	0.000133830341	0	0.1108	0	0	3
277	1948	0	3.09966796	293.204738	293.204737	293.204735	293.204738	2.10408137e-006	0.000133830341	0	0.110761	0	0	3
278	1955	0	3.1108581	293.204737	293.204737	293.204735	293.204738	2.03261339e-006	0.000133830341	0	0.110913	0	0	3
279	1962	0	3.12204823	293.204737	293.204737	293.204735	293.204738	1.95324685e-006	0.000133830341	0	0.110337	0	0	3
280	1969	0	3.13323837	293.204737	293.204737	293.204735	293.204738	1.85886728e-006	0.000133830341	0	0.110371	0	0	3
281	1976	0	3.14442851	293.204737	293.204737	293.204735	293.204738	1.76815581e-006	0.000133830341	0	0.110251	0	0	3
282	1983	0	3.15561864	293.204737	293.204737	293.204735	293.204738	1.66795314e-006	0.000133830341	0	0.110496	0	0	3
283	1990	0	3.16680878	293.204737	293.204737	293.204735	293.204738	1.57569303e-006	0.000133830341	0	0.110582	0	0	3
284	1996	0	3.17799892	293.204736	293.204737	293.204735	293.204738	1.48588441e-006	0.000133830341	0	0.110787	0	0	3
285	2003	0	3.18918906	293.204736	293.204737	293.204735	293.204738	1.40970127e-006	0.000133830341	0	0.110153	0	0	3
286	2010	0	3.20037919	293.204736	293.204737	293.204735	293.204738	1.34862626e-006	0.000133830341	0	0.110223	0	0	3
287	2017	0	3.21156933	293.204736	293.204737	293.204735	293.204738	1.30447978e-006	0.000133830341	0	0.110224	0	0	3
288	2024	0	3.22275947	293.204737	293.204737	293.204735	293.204738	1.25848987e-006	0.000133830341	0	0.110456	0	0	3
289	2031	0	3.2339496	293.204737	293.204737	293.204735	293.204738	1.21948955e-006	0.000133830341	0	0.110386	0	0	3
290	2038	0	3.24513974	293.204737	293.204737	293.204735	293.204738	1.16976486e-006	0.000133830341	0	0.110661	0	0	3
291	2044	0	3.25632988	293.204737	293.204737	293.204735	293.204738	1.11466034e-006	0.000133830341	0	0.110683	0	0	3
292	2051	0	3.26752001	293.204737	293.204737	293.204735	293.204738	1.05166629e-006	0.000133830341	0	0.11031	0	0	3
293	2058	0	3.27871015	293.204736	293.204737	293.204735	293.204738	9.88647855e-007	0.000133830341	0	0.110107	0	0	3
294	2065	0	3.28990029	293.204736	293.204737	293.204735	293.204738	9.21542721e-007	0.000133830341	0	0.110282	0	0	3
295	2072	0	3.30109043	293.204736	293.204737	293.204735	293.204738	8.57823693e-007	0.000133830341	0	0.11037	0	0	3
296	2079	0	3.31228056	293.204736	293.204737	293.204735	293.204738	7.93189201e-007	0.000133830341	0	0.110597	0	0	3
297	2086	0	3.3234707	293.204737	293.204737	293.204735	293.204738	7.37871403e-007	0.000133830341	0	0.110556	0	0	3
298	2092	0	3.33466084	293.204736	293.204737	293.204735	293.204738	6.86291969e-007	0.000133830341	0	0.110825	0	0	3
299	2100	0	3.34585097	293.204736	293.204737	293.204735	293.204738	6.5825958e-007	0.000133830341	0	0.11091	0	0	3
300	2106	0	3.35704111	293.204735	293.204737	293.204735	293.204738	6.83385849e-007	0.000133830341	0	0.111135	0	0	3
301	2115	0	3.36823125	293.204735	293.204737	293.204735	293.204738	7.24276106e-007	0.000133830341	0	0.11108	0	0	3
302	2121	0	3.37942139	293.204735	293.204737	293.204735	293.204738	7.59721161e-007	0.000133830341	0	0.111207	0	0	3
303	2128	0	3.39061152	293.204736	293.204737	293.204735	293.204738	7.87449324e-007	0.000133830341	0	0.110606	0	0	3
304	2135	0	3.40180166	293.204736	293.204737	293.204735	293.204738	7.91750779e-007	0.000133830341	0	0.110618	0	0	3
305	2142	0	3.4129918	293.204737	293.204737	293.204735	293.204738	7.83903033e-007	0.000133830341	0	0.110493	0	0	3
306	2149	0	3.42418193	293.204737	293.204737	293.204735	293.204738	7.67884899e-007	0.000133830341	0	0.110706	0	0	3
307	2156	0	3.43537207	293.204736	293.204737	293.204735	293.204738	7.56661677e-007	0.000133830341	0	0.110755	0	0	3
308	2163	0	3.44656221	293.204736	293.204736	293.204735	293.204738	7.53977133e-007	0.000133830341	0	0.111001	0	0	3
309	2170	0	3.45775234	293.204736	293.204736	293.204735	293.204738	7.64595995e-007	0.000133830341	0	0.110938	0	0	3
310	2177	0	3.46894248	293.204736	293.204736	293.204735	293.204738	7.7409868e-007	0.000133830341	0	0.111149	0	0	3
311	2184	0	3.48013262	293.204736	293.204736	293.204735	293.204738	7.68261486e-007	0.000133830341	0	0.1111	0	0	3
312	2190	0	3.49132276	293.204736	293.204736	293.204735	293.204738	7.34199716e-007	0.000133830341	0	0.110682	0	0	3
313	2197	0	3.50251289	293.204737	293.204736	293.204735	293.204738	6.82612381e-007	0.000133830341	0	0.110405	0	0	3
314	2204	0	3.51370303	293.204737	293.204736	293.204735	293.204738	6.22697883e-007	0.000133830341	0	0.110582	0	0	3
315	2211	0	3.52489317	293.204737	293.204736	293.204735	293.204738	5.64126992e-007	0.000133830341	0	0.11062	0	0	3
316	2218	0	3.5360833	293.204737	293.204737	293.204735	293.204738	5.07406696e-007	0.000133830341	0	0.110849	0	0	3
317	2225	0	3.54727344	293.204737	293.204737	293.204735	293.204738	4.66450615e-007	0.000133830341	0	0.110731	0	0	3
318	2232	0	3.55846358	293.204737	293.204737	293.204735	293.204738	4.66450615e-007	0.000133830341	0	0.110324	0	0	3
319	2239	0	3.56965371	293.204737	293.204737	293.204735	293.204738	4.66450615e-007	0.000133830341	0	0.110188	0	0	3
320	2246	0	3.58084385	293.204737	293.204737	293.204735	293.204738	4.66450615e-007	0.000133830341	0	0.110415	0	0	3
321	2252	0	3.59203399	293.204737	293.204737	293.204735	293.204738	4.66450615e-007	0.000133830341	0	0.110394	0	0	3
322	2259	0	3.60322413	293.204737	293.204737	293.204735	293.204737	4.66450615e-007	0.000133830341	0	0.110681	0	0	3
323	2266	0	3.61441426	293.204737	293.204737	293.204735	293.204737	4.66450615e-007	0.000133830341	0	0.110686	0	0	3
324	2273	0	3.6256044	293.204737	293.204737	293.204735	293.204737	4.66450615e-007	0.000133830341	0	0.110306	0	0	3
325	2280	0	3.63679454	293.204737	293.204737	293.204735	293.204737	4.66450615e-007	0.000133830341	0	0.110072	0	0	3
326	2287	0	3.64798467	293.204737	293.204737	293.204735	293.204737	4.66450615e-007	0.000133830341	0	0.110323	0	0	3
327	2294	0	3.65917481	293.204737	293.204737	293.204735	293.204737	4.66450615e-007	0.000133830341	0	0.110396	0	0	3
328	2301	0	3.67036495	293.204737	293.204737	293.204735	293.204737	4.66450615e-007	0.000133830341	0	0.110672	0	0	3
329	2308	0	3.68155509	293.204736	293.204737	293.204735	293.204737	4.66450615e-007	0.000133830341	0	0.110668	0	0	3
330	2314	0	3.69274522	293.204736	293.204736	293.204735	293.204737	4.66450615e-007	0.000133830341	0	0.110917	0	0	3
331	2321	0	3.70393536	293.204735	293.204736	293.204735	293.204737	4.66450615e-007	0.000133830341	0	0.110963	0	0	3
332	2328	0	3.7151255	293.204735	293.204736	293.204735	293.204737	4.66450615e-007	0.000133830341	0	0.111122	0	0	3
333	2335	0	3.72631563	293.204735	293.204736	293.204735	293.204737	4.66450615e-007	0.000133830341	0	0.110419	0	0	3
334	2342	0	3.73750577	293.204735	293.204736	293.204735	293.204737	4.91379012e-007	0.000133830341	0	0.110467	0	0	3
335	2349	0	3.74869591	293.204736	293.204736	293.204735	293.204737	5.25154007e-007	0.000133830341	0	0.110475	0	0	3
336	2356	0	3.75988604	293.204736	293.204736	293.204735	293.204737	5.58216243e-007	0.000133830341	0	0.110701	0	0	3
337	2363	0	3.77107618	293.204736	293.204736	293.204735	293.204737	5.83109625e-007	0.000133830341	0	0.110653	0	0	3
338	2370	0	3.78226632	293.204736	293.204736	293.204735	293.204737	6.01611305e-007	0.000133830341	0	0.110904	0	0	3
339	2377	0	3.79345646	293.204736	293.204736	293.204735	293.204737	6.12529789e-007	0.000133830341	0	0.110857	0	0	3
340	2384	0	3.80464659	293.204736	293.204736	293.204735	293.204737	6.1107346e-007	0.000133830341	0	0.11048	0	0	3
341	2391	0	3.81583673	293.204736	293.204736	293.204735	293.204737	6.0936236e-007	0.000133830341	0	0.11028	0	0	3
342	2397	0	3.82702687	293.204736	293.204736	293.204735	293.204737	5.94232517e-007	0.000133830341	0	0.110379	0	0	3
343	2404	0	3.838217	293.204736	293.204736	293.204735	293.204737	5.57910823e-007	0.000133830341	0	0.110408	0	0	3
344	2411	0	3.84940714	293.204736	293.204736	293.204735	293.204737	5.08132359e-007	0.000133830341	0	0.110664	0	0	3
345	2418	0	3.86059728	293.204736	293.204736	293.204735	293.204737	4.56276894e-007	0.000133830341	0	0.110713	0	0	3
346	2425	0	3.87178741	293.204737	293.204736	293.204735	293.204737	4.0881838e-007	0.000133830341	0	0.110927	0	0	3
347	2432	0	3.88297755	293.204737	293.204736	293.204735	293.204737	3.71651026e-007	0.000133830341	0	0.110844	0	0	3
348	2439	0	3.89416769	293.204737	293.204736	293.204735	293.204737	3.41939085e-007	0.000133830341	0	0.110991	0	0	3
349	2446	0	3.90535783	293.204737	293.204736	293.204735	293.204737	3.35020957e-007	0.000133830341	0	0.110378	0	0	3
350	2453	0	3.91654796	293.204737	293.204736	293.204735	293.204737	3.35020957e-007	0.000133830341	0	0.110383	0	0	3
351	2460	0	3.9277381	293.204737	293.204736	293.204735	293.204737	3.35020957e-007	0.000133830341	0	0.110281	0	0	3
352	2467	0	3.93892824	293.204737	293.204736	293.204735	293.204737	3.35020957e-007	0.000133830341	0	0.11055	0	0	3
353	2474	0	3.95011837	293.204736	293.204736	293.204735	293.204737	3.35020957e-007	0.000133830341	0	0.110605	0	0	3
354	2481	0	3.96130851	293.204736	293.204736	293.204735	293.204737	3.35020957e-007	0.000133830341	0	0.110747	0	0	3
355	2488	0	3.97249865	293.204736	293.204736	293.204735	293.204737	3.35020957e-007	0.000133830341	0	0.110076	0	0	3
356	2495	0	3.98368879	293.204736	293.204736	293.204735	293.204737	3.35020957e-007	0.000133830341	0	0.110144	0	0	3
357	2502	0	3.99487892	293.204736	293.204736	293.204735	293.204737	3.35020957e-007	0.000133830341	0	0.110189	0	0	3
358	2509	0	4.00606906	293.204736	293.204736	293.204735	293.204737	3.35020957e-007	0.000133830341	0	0.110427	0	0	3
