Iteration	CPUTime	PhysTime	Travels	Value	AvValue	MinValue	MaxValue	Delta	Criteria	Progress	dGMaxMin	CriteriaType	CriteriaVarType	CriteriaPercentage
1	18	0	0.0118968988	0	0	0	0	0	0	0	0	0	0	3
2	24	0	0.0237937977	0	0	0	0	0	0	0	0	0	0	3
3	29	0	0.0356906965	0	0	0	0	0	0	0	0	0	0	3
4	35	0	0.0475875953	0	0	0	0	0	0	0	0	0	0	3
5	42	0	0.0594844941	0	0	0	0	0	0	0	0	0	0	3
6	49	0	0.071381393	0	0	0	0	0	0	0	0	0	0	3
7	56	0	0.0832782918	0	0	0	0	0	0	0	0	0	0	3
8	63	0	0.0951751906	0	0	0	0	0	0	0	0	0	0	3
9	68	0	0.107072089	0	0	0	0	0	0	0	0	0	0	3
10	73	0	0.118968988	0	0	0	0	0	0	0	0	0	0	3
11	78	0	0.130865887	0	0	0	0	0	0	0	0	0	0	3
12	83	0	0.142762786	0	0	0	0	0	0	0	0	0	0	3
13	89	0	0.154659685	0	0	0	0	0	0	0	0	0	0	3
14	94	0	0.166556584	0	0	0	0	0	0	0	0	0	0	3
15	99	0	0.178453482	0	0	0	0	0	0	0	0	0	0	3
16	104	0	0.190350381	0	0	0	0	0	0	0	0	0	0	3
17	109	0	0.20224728	0	0	0	0	0	0	0	0	0	0	3
18	114	0	0.214144179	0	0	0	0	0	0	0	0	0	0	3
19	119	0	0.226041078	0	0	0	0	0	0	0	0	0	0	3
20	124	0	0.237937977	0	0	0	0	0	0	0	0	0	0	3
21	129	0	0.249834875	0	0	0	0	0	0	0	0	0	0	3
22	134	0	0.261731774	0	0	0	0	0	0	0	0	0	0	3
23	139	0	0.273628673	0	0	0	0	0	0	0	0	0	0	3
24	143	0	0.285525572	0	0	0	0	0	0	0	0	0	0	3
25	148	0	0.297422471	0	0	0	0	0	0	0	0	0	0	3
26	153	0	0.30931937	0	0	0	0	0	0	0	0	0	0	3
27	158	0	0.321216268	0	0	0	0	0	0	0	0	0	0	3
28	163	0	0.333113167	0	0	0	0	0	0	0	0	0	0	3
29	168	0	0.345010066	0	0	0	0	0	0	0	0	0	0	3
30	173	0	0.356906965	0	0	0	0	0	0	0	0	0	0	3
31	178	0	0.368803864	0	0	0	0	0	0	0	0	0	0	3
32	183	0	0.380700762	0	0	0	0	0	0	0	0	0	0	3
33	188	0	0.392597661	0	0	0	0	0	0	0	0	0	0	3
34	193	0	0.40449456	0	0	0	0	0	0	0	0	0	0	3
35	198	0	0.416391459	0	0	0	0	0	0	0	0	0	0	3
36	203	0	0.428288358	0	0	0	0	0	0	0	0	0	0	3
37	207	0	0.440185257	0	0	0	0	0	0	0	0	0	0	3
38	212	0	0.452082155	0	0	0	0	0	0	0	0	0	0	3
39	217	0	0.463979054	0	0	0	0	0	0	0	0	0	0	3
40	222	0	0.475875953	0	0	0	0	0	0	0	0	0	0	3
41	227	0	0.487772852	0	0	0	0	0	0	0	0	0	0	3
42	233	0	0.499669751	0	0	0	0	0	0	0	0	0	0	3
43	237	0	0.51156665	0	0	0	0	0	0	0	0	0	0	3
44	243	0	0.523463548	0	0	0	0	0	0	0	0	0	0	3
45	248	0	0.535360447	0	0	0	0	0	0	0	0	0	0	3
46	253	0	0.547257346	0	0	0	0	0	0	0	0	0	0	3
47	258	0	0.559154245	0	0	0	0	0	0	0	0	0	0	3
48	263	0	0.571051144	0	0	0	0	0	0	0	0	0	0	3
49	268	0	0.582948043	0	0	0	0	0	0	0	0	0	0	3
50	273	0	0.594844941	0	0	0	0	0	0	0	0	0	0	3
51	278	0	0.60674184	0	0	0	0	0	0	0	0	0	0	3
52	283	0	0.618638739	0	0	0	0	0	0	0	0	0	0	3
53	288	0	0.630535638	0	0	0	0	0	0	0	0	0	0	3
54	293	0	0.642432537	0	0	0	0	0	0	0	0	0	0	3
55	298	0	0.654329436	0	0	0	0	0	0	0	0	0	0	3
56	304	0	0.666226334	0	0	0	0	0	0	0	0	0	0	3
57	309	0	0.678123233	0	0	0	0	0	0	0	0	0	0	3
58	314	0	0.690020132	0	0	0	0	0	0	0	0	0	0	3
59	319	0	0.701917031	0	0	0	0	0	0	0	0	0	0	3
60	324	0	0.71381393	0	0	0	0	0	0	0	0	0	0	3
61	329	0	0.725710829	0	0	0	0	0	0	0	0	0	0	3
62	334	0	0.737607727	0	0	0	0	0	0	0	0	0	0	3
63	339	0	0.749504626	0	0	0	0	0	0	0	0	0	0	3
64	344	0	0.761401525	0	0	0	0	0	0	0	0	0	0	3
65	349	0	0.773298424	0	0	0	0	0	0	0	0	0	0	3
66	354	0	0.785195323	0	0	0	0	0	0	0	0	0	0	3
67	359	0	0.797092221	0	0	0	0	0	0	0	0	0	0	3
68	364	0	0.80898912	0	0	0	0	0	0	0	0	0	0	3
69	370	0	0.820886019	0	0	0	0	0	0	0	0	0	0	3
70	375	0	0.832782918	0	0	0	0	0	0	0	0	0	0	3
71	380	0	0.844679817	0	0	0	0	0	0	0	0	0	0	3
72	385	0	0.856576716	0	0	0	0	0	0	0	0	0	0	3
73	390	0	0.868473614	0	0	0	0	0	0	0	0	0	0	3
74	395	0	0.880370513	0	0	0	0	0	0	0	0	0	0	3
75	400	0	0.892267412	0	0	0	0	0	0	0	0	0	0	3
76	405	0	0.904164311	0	0	0	0	0	0	0	0	0	0	3
77	410	0	0.91606121	0	0	0	0	0	0	0	0	0	0	3
78	415	0	0.927958109	0	0	0	0	0	0	0	0	0	0	3
79	421	0	0.939855007	0	0	0	0	0	0	0	0	0	0	3
80	426	0	0.951751906	0	0	0	0	0	0	0	0	0	0	3
81	431	0	0.963648805	0	0	0	0	0	0	0	0	0	0	3
82	435	0	0.975545704	0	0	0	0	0	0	0	0	0	0	3
83	441	0	0.987442603	0	0	0	0	0	0	0	0	0	0	3
84	446	0	0.999339502	0	0	0	0	0	0	0	0	0	0	3
85	451	0	1.0112364	0	0	0	0	0	0.001	0	0	0	0	3
86	456	0	1.0231333	0	0	0	0	0	0.001	0	0	0	0	3
87	461	0	1.0350302	0	0	0	0	0	0.001	0	0	0	0	3
88	466	0	1.0469271	0	0	0	0	0	0.001	0	0	0	0	3
89	471	0	1.058824	0	0	0	0	0	0.001	0	0	0	0	3
90	476	0	1.07072089	0	0	0	0	0	0.001	0	0	0	0	3
91	481	0	1.08261779	0	0	0	0	0	0.001	0	0	0	0	3
92	486	0	1.09451469	0	0	0	0	0	0.001	0	0	0	0	3
93	491	0	1.10641159	0	0	0	0	0	0.001	0	0	0	0	3
94	496	0	1.11830849	0	0	0	0	0	0.001	0	0	0	0	3
95	501	0	1.13020539	0	0	0	0	0	0.001	0	0	0	0	3
96	506	0	1.14210229	0	0	0	0	0	0.001	0	0	0	0	3
97	512	0	1.15399919	0	0	0	0	0	0.001	0	0	0	0	3
98	516	0	1.16589609	0	0	0	0	0	0.001	0	0	0	0	3
99	522	0	1.17779298	0	0	0	0	0	0.001	0	0	0	0	3
100	527	0	1.18968988	0	0	0	0	0	0.001	0	0	0	0	3
101	533	0	1.20158678	0	0	0	0	0	0.001	0	0	0	0	3
102	538	0	1.21348368	0	0	0	0	0	0.001	0	0	0	0	3
103	543	0	1.22538058	0	0	0	0	0	0.001	0	0	0	0	3
104	548	0	1.23727748	0	0	0	0	0	0.001	0	0	0	0	3
105	553	0	1.24917438	0	0	0	0	0	0.001	0	0	0	0	3
106	558	0	1.26107128	0	0	0	0	0	0.001	0	0	0	0	3
107	563	0	1.27296817	0	0	0	0	0	0.001	0	0	0	0	3
108	568	0	1.28486507	0	0	0	0	0	0.001	0	0	0	0	3
109	573	0	1.29676197	0	0	0	0	0	0.001	0	0	0	0	3
110	578	0	1.30865887	0	0	0	0	0	0.001	0	0	0	0	3
111	583	0	1.32055577	0	0	0	0	0	0.001	0	0	0	0	3
112	589	0	1.33245267	0	0	0	0	0	0.001	0	0	0	0	3
113	594	0	1.34434957	0	0	0	0	0	0.001	0	0	0	0	3
114	599	0	1.35624647	0	0	0	0	0	0.001	0	0	0	0	3
115	604	0	1.36814337	0	0	0	0	0	0.001	0	0	0	0	3
116	609	0	1.38004026	0	0	0	0	0	0.001	0	0	0	0	3
117	614	0	1.39193716	0	0	0	0	0	0.001	0	0	0	0	3
118	619	0	1.40383406	0	0	0	0	0	0.001	0	0	0	0	3
119	624	0	1.41573096	0	0	0	0	0	0.001	0	0	0	0	3
120	629	0	1.42762786	0	0	0	0	0	0.001	0	0	0	0	3
121	634	0	1.43952476	0	0	0	0	0	0.001	0	0	0	0	3
122	639	0	1.45142166	0	0	0	0	0	0.001	0	0	0	0	3
123	644	0	1.46331856	0	0	0	0	0	0.001	0	0	0	0	3
124	649	0	1.47521545	0	0	0	0	0	0.001	0	0	0	0	3
125	654	0	1.48711235	0	0	0	0	0	0.001	0	0	0	0	3
126	659	0	1.49900925	0	0	0	0	0	0.001	0	0	0	0	3
127	664	0	1.51090615	0	0	0	0	0	0.001	0	0	0	0	3
128	669	0	1.52280305	0	0	0	0	0	0.001	0	0	0	0	3
129	674	0	1.53469995	0	0	0	0	0	0.001	0	0	0	0	3
130	679	0	1.54659685	0	0	0	0	0	0.001	0	0	0	0	3
131	684	0	1.55849375	0	0	0	0	0	0.001	0	0	0	0	3
132	688	0	1.57039065	0	0	0	0	0	0.001	0	0	0	0	3
133	693	0	1.58228754	0	0	0	0	0	0.001	0	0	0	0	3
134	698	0	1.59418444	0	0	0	0	0	0.001	0	0	0	0	3
135	703	0	1.60608134	0	0	0	0	0	0.001	0	0	0	0	3
136	708	0	1.61797824	0	0	0	0	0	0.001	0	0	0	0	3
137	713	0	1.62987514	0	0	0	0	0	0.001	0	0	0	0	3
138	718	0	1.64177204	0	0	0	0	0	0.001	0	0	0	0	3
139	724	0	1.65366894	0	0	0	0	0	0.001	0	0	0	0	3
140	728	0	1.66556584	0	0	0	0	0	0.001	0	0	0	0	3
141	733	0	1.67746273	0	0	0	0	0	0.001	0	0	0	0	3
142	738	0	1.68935963	0	0	0	0	0	0.001	0	0	0	0	3
143	744	0	1.70125653	0	0	0	0	0	0.001	0	0	0	0	3
144	749	0	1.71315343	0	0	0	0	0	0.001	0	0	0	0	3
145	754	0	1.72505033	0	0	0	0	0	0.001	0	0	0	0	3
146	759	0	1.73694723	0	0	0	0	0	0.001	0	0	0	0	3
147	764	0	1.74884413	0	0	0	0	0	0.001	0	0	0	0	3
148	769	0	1.76074103	0	0	0	0	0	0.001	0	0	0	0	3
149	774	0	1.77263793	0	0	0	0	0	0.001	0	0	0	0	3
150	779	0	1.78453482	0	0	0	0	0	0.001	0	0	0	0	3
151	784	0	1.79643172	0	0	0	0	0	0.001	0	0	0	0	3
152	789	0	1.80832862	0	0	0	0	0	0.001	0	0	0	0	3
153	794	0	1.82022552	0	0	0	0	0	0.001	0	0	0	0	3
154	799	0	1.83212242	0	0	0	0	0	0.001	0	0	0	0	3
155	804	0	1.84401932	0	0	0	0	0	0.001	0	0	0	0	3
156	809	0	1.85591622	0	0	0	0	0	0.001	0	0	0	0	3
157	814	0	1.86781312	0	0	0	0	0	0.001	0	0	0	0	3
158	819	0	1.87971001	0	0	0	0	0	0.001	0	0	0	0	3
159	824	0	1.89160691	0	0	0	0	0	0.001	0	0	0	0	3
160	829	0	1.90350381	0	0	0	0	0	0.001	0	0	0	0	3
161	834	0	1.91540071	0	0	0	0	0	0.001	0	0	0	0	3
162	839	0	1.92729761	0	0	0	0	0	0.001	0	0	0	0	3
163	844	0	1.93919451	0	0	0	0	0	0.001	0	0	0	0	3
164	849	0	1.95109141	0	0	0	0	0	0.001	0	0	0	0	3
165	854	0	1.96298831	0	0	0	0	0	0.001	0	0	0	0	3
166	859	0	1.97488521	0	0	0	0	0	0.001	0	0	0	0	3
167	864	0	1.9867821	0	0	0	0	0	0.001	0	0	0	0	3
168	869	0	1.998679	0	0	0	0	0	0.001	0	0	0	0	3
169	874	0	2.0105759	0	0	0	0	0	0.001	0	0	0	0	3
170	879	0	2.0224728	0	0	0	0	0	0.001	0	0	0	0	3
171	884	0	2.0343697	0	0	0	0	0	0.001	0	0	0	0	3
172	889	0	2.0462666	0	0	0	0	0	0.001	0	0	0	0	3
173	894	0	2.0581635	0	0	0	0	0	0.001	0	0	0	0	3
174	899	0	2.0700604	0	0	0	0	0	0.001	0	0	0	0	3
175	904	0	2.08195729	0	0	0	0	0	0.001	0	0	0	0	3
176	909	0	2.09385419	0	0	0	0	0	0.001	0	0	0	0	3
177	914	0	2.10575109	0	0	0	0	0	0.001	0	0	0	0	3
178	919	0	2.11764799	0	0	0	0	0	0.001	0	0	0	0	3
179	924	0	2.12954489	0	0	0	0	0	0.001	0	0	0	0	3
180	929	0	2.14144179	0	0	0	0	0	0.001	0	0	0	0	3
181	934	0	2.15333869	0	0	0	0	0	0.001	0	0	0	0	3
182	939	0	2.16523559	0	0	0	0	0	0.001	0	0	0	0	3
183	945	0	2.17713249	0	0	0	0	0	0.001	0	0	0	0	3
184	950	0	2.18902938	0	0	0	0	0	0.001	0	0	0	0	3
185	954	0	2.20092628	0	0	0	0	0	0.001	0	0	0	0	3
186	959	0	2.21282318	0	0	0	0	0	0.001	0	0	0	0	3
187	964	0	2.22472008	0	0	0	0	0	0.001	0	0	0	0	3
188	969	0	2.23661698	0	0	0	0	0	0.001	0	0	0	0	3
189	974	0	2.24851388	0	0	0	0	0	0.001	0	0	0	0	3
190	979	0	2.26041078	0	0	0	0	0	0.001	0	0	0	0	3
191	984	0	2.27230768	0	0	0	0	0	0.001	0	0	0	0	3
192	989	0	2.28420457	0	0	0	0	0	0.001	0	0	0	0	3
193	994	0	2.29610147	0	0	0	0	0	0.001	0	0	0	0	3
194	999	0	2.30799837	0	0	0	0	0	0.001	0	0	0	0	3
195	1004	0	2.31989527	0	0	0	0	0	0.001	0	0	0	0	3
196	1009	0	2.33179217	0	0	0	0	0	0.001	0	0	0	0	3
197	1014	0	2.34368907	0	0	0	0	0	0.001	0	0	0	0	3
198	1019	0	2.35558597	0	0	0	0	0	0.001	0	0	0	0	3
199	1024	0	2.36748287	0	0	0	0	0	0.001	0	0	0	0	3
200	1029	0	2.37937977	0	0	0	0	0	0.001	0	0	0	0	3
201	1035	0	2.39127666	0	0	0	0	0	0.001	0	0	0	0	3
202	1040	0	2.40317356	0	0	0	0	0	0.001	0	0	0	0	3
203	1045	0	2.41507046	0	0	0	0	0	0.001	0	0	0	0	3
204	1050	0	2.42696736	0	0	0	0	0	0.001	0	0	0	0	3
205	1055	0	2.43886426	0	0	0	0	0	0.001	0	0	0	0	3
206	1059	0	2.45076116	0	0	0	0	0	0.001	0	0	0	0	3
207	1064	0	2.46265806	0	0	0	0	0	0.001	0	0	0	0	3
208	1069	0	2.47455496	0	0	0	0	0	0.001	0	0	0	0	3
209	1074	0	2.48645186	0	0	0	0	0	0.001	0	0	0	0	3
210	1079	0	2.49834875	0	0	0	0	0	0.001	0	0	0	0	3
211	1084	0	2.51024565	0	0	0	0	0	0.001	0	0	0	0	3
212	1089	0	2.52214255	0	0	0	0	0	0.001	0	0	0	0	3
213	1094	0	2.53403945	0	0	0	0	0	0.001	0	0	0	0	3
214	1099	0	2.54593635	0	0	0	0	0	0.001	0	0	0	0	3
215	1104	0	2.55783325	0	0	0	0	0	0.001	0	0	0	0	3
216	1109	0	2.56973015	0	0	0	0	0	0.001	0	0	0	0	3
217	1114	0	2.58162705	0	0	0	0	0	0.001	0	0	0	0	3
218	1119	0	2.59352394	0	0	0	0	0	0.001	0	0	0	0	3
219	1124	0	2.60542084	0	0	0	0	0	0.001	0	0	0	0	3
220	1129	0	2.61731774	0	0	0	0	0	0.001	0	0	0	0	3
221	1135	0	2.62921464	0	0	0	0	0	0.001	0	0	0	0	3
222	1140	0	2.64111154	0	0	0	0	0	0.001	0	0	0	0	3
223	1145	0	2.65300844	0	0	0	0	0	0.001	0	0	0	0	3
224	1149	0	2.66490534	0	0	0	0	0	0.001	0	0	0	0	3
225	1155	0	2.67680224	0	0	0	0	0	0.001	0	0	0	0	3
226	1160	0	2.68869914	0	0	0	0	0	0.001	0	0	0	0	3
227	1165	0	2.70059603	0	0	0	0	0	0.001	0	0	0	0	3
228	1170	0	2.71249293	0	0	0	0	0	0.001	0	0	0	0	3
229	1175	0	2.72438983	0	0	0	0	0	0.001	0	0	0	0	3
230	1180	0	2.73628673	0	0	0	0	0	0.001	0	0	0	0	3
231	1185	0	2.74818363	0	0	0	0	0	0.001	0	0	0	0	3
232	1190	0	2.76008053	0	0	0	0	0	0.001	0	0	0	0	3
233	1194	0	2.77197743	0	0	0	0	0	0.001	0	0	0	0	3
234	1199	0	2.78387433	0	0	0	0	0	0.001	0	0	0	0	3
235	1204	0	2.79577122	0	0	0	0	0	0.001	0	0	0	0	3
236	1210	0	2.80766812	0	0	0	0	0	0.001	0	0	0	0	3
237	1214	0	2.81956502	0	0	0	0	0	0.001	0	0	0	0	3
238	1220	0	2.83146192	0	0	0	0	0	0.001	0	0	0	0	3
239	1225	0	2.84335882	0	0	0	0	0	0.001	0	0	0	0	3
240	1230	0	2.85525572	0	0	0	0	0	0.001	0	0	0	0	3
241	1234	0	2.86715262	0	0	0	0	0	0.001	0	0	0	0	3
242	1239	0	2.87904952	0	0	0	0	0	0.001	0	0	0	0	3
243	1244	0	2.89094642	0	0	0	0	0	0.001	0	0	0	0	3
244	1249	0	2.90284331	0	0	0	0	0	0.001	0	0	0	0	3
245	1254	0	2.91474021	0	0	0	0	0	0.001	0	0	0	0	3
246	1260	0	2.92663711	0	0	0	0	0	0.001	0	0	0	0	3
247	1264	0	2.93853401	0	0	0	0	0	0.001	0	0	0	0	3
248	1270	0	2.95043091	0	0	0	0	0	0.001	0	0	0	0	3
249	1275	0	2.96232781	0	0	0	0	0	0.001	0	0	0	0	3
250	1280	0	2.97422471	0	0	0	0	0	0.001	0	0	0	0	3
251	1285	0	2.98612161	0	0	0	0	0	0.001	0	0	0	0	3
252	1290	0	2.9980185	0	0	0	0	0	0.001	0	0	0	0	3
253	1295	0	3.0099154	0	0	0	0	0	0.001	0	0	0	0	3
254	1300	0	3.0218123	0	0	0	0	0	0.001	0	0	0	0	3
255	1305	0	3.0337092	0	0	0	0	0	0.001	0	0	0	0	3
256	1310	0	3.0456061	0	0	0	0	0	0.001	0	0	0	0	3
257	1315	0	3.057503	0	0	0	0	0	0.001	0	0	0	0	3
258	1320	0	3.0693999	0	0	0	0	0	0.001	0	0	0	0	3
259	1325	0	3.0812968	0	0	0	0	0	0.001	0	0	0	0	3
260	1330	0	3.0931937	0	0	0	0	0	0.001	0	0	0	0	3
261	1335	0	3.10509059	0	0	0	0	0	0.001	0	0	0	0	3
262	1340	0	3.11698749	0	0	0	0	0	0.001	0	0	0	0	3
263	1344	0	3.12888439	0	0	0	0	0	0.001	0	0	0	0	3
264	1349	0	3.14078129	0	0	0	0	0	0.001	0	0	0	0	3
265	1354	0	3.15267819	0	0	0	0	0	0.001	0	0	0	0	3
266	1360	0	3.16457509	0	0	0	0	0	0.001	0	0	0	0	3
267	1365	0	3.17647199	0	0	0	0	0	0.001	0	0	0	0	3
268	1370	0	3.18836889	0	0	0	0	0	0.001	0	0	0	0	3
269	1375	0	3.20026578	0	0	0	0	0	0.001	0	0	0	0	3
270	1380	0	3.21216268	0	0	0	0	0	0.001	0	0	0	0	3
271	1385	0	3.22405958	0	0	0	0	0	0.001	0	0	0	0	3
272	1390	0	3.23595648	0	0	0	0	0	0.001	0	0	0	0	3
273	1395	0	3.24785338	0	0	0	0	0	0.001	0	0	0	0	3
274	1400	0	3.25975028	0	0	0	0	0	0.001	0	0	0	0	3
275	1405	0	3.27164718	0	0	0	0	0	0.001	0	0	0	0	3
276	1410	0	3.28354408	0	0	0	0	0	0.001	0	0	0	0	3
277	1415	0	3.29544098	0	0	0	0	0	0.001	0	0	0	0	3
278	1420	0	3.30733787	0	0	0	0	0	0.001	0	0	0	0	3
279	1425	0	3.31923477	0	0	0	0	0	0.001	0	0	0	0	3
280	1430	0	3.33113167	0	0	0	0	0	0.001	0	0	0	0	3
281	1435	0	3.34302857	0	0	0	0	0	0.001	0	0	0	0	3
282	1440	0	3.35492547	0	0	0	0	0	0.001	0	0	0	0	3
283	1445	0	3.36682237	0	0	0	0	0	0.001	0	0	0	0	3
284	1450	0	3.37871927	0	0	0	0	0	0.001	0	0	0	0	3
285	1455	0	3.39061617	0	0	0	0	0	0.001	0	0	0	0	3
286	1460	0	3.40251306	0	0	0	0	0	0.001	0	0	0	0	3
287	1465	0	3.41440996	0	0	0	0	0	0.001	0	0	0	0	3
288	1470	0	3.42630686	0	0	0	0	0	0.001	0	0	0	0	3
289	1475	0	3.43820376	0	0	0	0	0	0.001	0	0	0	0	3
290	1480	0	3.45010066	0	0	0	0	0	0.001	0	0	0	0	3
291	1485	0	3.46199756	0	0	0	0	0	0.001	0	0	0	0	3
292	1490	0	3.47389446	0	0	0	0	0	0.001	0	0	0	0	3
293	1495	0	3.48579136	0	0	0	0	0	0.001	0	0	0	0	3
294	1500	0	3.49768826	0	0	0	0	0	0.001	0	0	0	0	3
295	1505	0	3.50958515	0	0	0	0	0	0.001	0	0	0	0	3
296	1510	0	3.52148205	0	0	0	0	0	0.001	0	0	0	0	3
297	1516	0	3.53337895	0	0	0	0	0	0.001	0	0	0	0	3
298	1521	0	3.54527585	0	0	0	0	0	0.001	0	0	0	0	3
299	1526	0	3.55717275	0	0	0	0	0	0.001	0	0	0	0	3
300	1531	0	3.56906965	0	0	0	0	0	0.001	0	0	0	0	3
301	1537	0	3.58096655	0	0	0	0	0	0.001	0	0	0	0	3
302	1542	0	3.59286345	0	0	0	0	0	0.001	0	0	0	0	3
303	1547	0	3.60476034	0	0	0	0	0	0.001	0	0	0	0	3
304	1552	0	3.61665724	0	0	0	0	0	0.001	0	0	0	0	3
305	1557	0	3.62855414	0	0	0	0	0	0.001	0	0	0	0	3
306	1562	0	3.64045104	0	0	0	0	0	0.001	0	0	0	0	3
307	1568	0	3.65234794	0	0	0	0	0	0.001	0	0	0	0	3
308	1573	0	3.66424484	0	0	0	0	0	0.001	0	0	0	0	3
309	1579	0	3.67614174	0	0	0	0	0	0.001	0	0	0	0	3
310	1585	0	3.68803864	0	0	0	0	0	0.001	0	0	0	0	3
311	1592	0	3.69993554	0	0	0	0	0	0.001	0	0	0	0	3
312	1598	0	3.71183243	0	0	0	0	0	0.001	0	0	0	0	3
313	1604	0	3.72372933	0	0	0	0	0	0.001	0	0	0	0	3
314	1611	0	3.73562623	0	0	0	0	0	0.001	0	0	0	0	3
315	1617	0	3.74752313	0	0	0	0	0	0.001	0	0	0	0	3
316	1624	0	3.75942003	0	0	0	0	0	0.001	0	0	0	0	3
317	1629	0	3.77131693	0	0	0	0	0	0.001	0	0	0	0	3
318	1635	0	3.78321383	0	0	0	0	0	0.001	0	0	0	0	3
319	1641	0	3.79511073	0	0	0	0	0	0.001	0	0	0	0	3
320	1648	0	3.80700762	0	0	0	0	0	0.001	0	0	0	0	3
321	1654	0	3.81890452	0	0	0	0	0	0.001	0	0	0	0	3
322	1661	0	3.83080142	0	0	0	0	0	0.001	0	0	0	0	3
323	1666	0	3.84269832	0	0	0	0	0	0.001	0	0	0	0	3
324	1673	0	3.85459522	0	0	0	0	0	0.001	0	0	0	0	3
325	1679	0	3.86649212	0	0	0	0	0	0.001	0	0	0	0	3
326	1685	0	3.87838902	0	0	0	0	0	0.001	0	0	0	0	3
327	1691	0	3.89028592	0	0	0	0	0	0.001	0	0	0	0	3
328	1696	0	3.90218282	0	0	0	0	0	0.001	0	0	0	0	3
329	1702	0	3.91407971	0	0	0	0	0	0.001	0	0	0	0	3
330	1708	0	3.92597661	0	0	0	0	0	0.001	0	0	0	0	3
331	1714	0	3.93787351	0	0	0	0	0	0.001	0	0	0	0	3
332	1719	0	3.94977041	0	0	0	0	0	0.001	0	0	0	0	3
333	1725	0	3.96166731	0	0	0	0	0	0.001	0	0	0	0	3
334	1730	0	3.97356421	0	0	0	0	0	0.001	0	0	0	0	3
335	1736	0	3.98546111	0	0	0	0	0	0.001	0	0	0	0	3
336	1742	0	3.99735801	0	0	0	0	0	0.001	0	0	0	0	3
337	1747	0	4.00925491	0	0	0	0	0	0.001	0	0	0	0	3
